tensor(0.3219)
tensor(5811)
4097
tensor([[ 0.0000e+00,  0.0000e+00,  0.0000e+00,  ...,  0.0000e+00,
          0.0000e+00,  0.0000e+00],
        [ 3.9432e-05, -1.0613e-04, -4.1978e-05,  ..., -3.0830e-05,
          4.2132e-05,  3.7178e-05],
        [-2.1210e-08,  3.1843e-08,  1.0924e-08,  ...,  1.5155e-08,
         -1.9151e-08, -9.0657e-09],
        ...,
        [ 0.0000e+00,  0.0000e+00,  0.0000e+00,  ...,  0.0000e+00,
          0.0000e+00,  0.0000e+00],
        [-2.9752e-05,  9.3214e-05,  2.9591e-05,  ...,  2.1548e-05,
         -2.8182e-05, -2.6896e-05],
        [-7.4109e-06,  2.0077e-05,  1.1274e-05,  ...,  6.8722e-06,
         -1.0100e-05, -9.8564e-06]], device='cuda:0')
tensor([ 0.0000e+00,  6.4956e-05, -7.3025e-08,  0.0000e+00,  2.7531e-06,
         0.0000e+00,  2.4312e-05, -2.1515e-05, -3.5993e-06,  0.0000e+00,
         5.9168e-05,  0.0000e+00,  0.0000e+00,  1.2714e-05,  3.7254e-05,
         2.5575e-06,  0.0000e+00,  3.0946e-05, -3.7661e-06,  9.7802e-05,
         0.0000e+00, -3.0718e-05, -3.1130e-05,  1.1055e-06,  1.2331e-04,
        -1.1113e-05,  0.0000e+00,  1.4103e-05,  4.1526e-06,  0.0000e+00,
        -4.1624e-05,  5.2414e-05,  0.0000e+00,  1.1371e-04, -4.0949e-05,
        -8.1578e-07, -1.8735e-05,  1.9160e-05,  6.2268e-05,  0.0000e+00,
        -2.3357e-06,  3.6491e-09,  7.6162e-05,  3.6188e-05, -7.8475e-05,
         7.2066e-07,  0.0000e+00, -5.4759e-05,  1.1103e-05,  5.5131e-05,
         2.3915e-05,  0.0000e+00, -1.1721e-04,  0.0000e+00,  0.0000e+00,
         2.6592e-06,  4.5412e-05, -2.2463e-05,  0.0000e+00,  0.0000e+00,
         1.2987e-04,  0.0000e+00, -4.4018e-05, -8.3564e-06], device='cuda:0')
tensor([[ 0.0000e+00,  2.7264e-05, -6.6435e-11,  ...,  0.0000e+00,
          5.0632e-06,  1.3617e-05],
        [ 0.0000e+00,  0.0000e+00,  0.0000e+00,  ...,  0.0000e+00,
          0.0000e+00,  0.0000e+00],
        [ 0.0000e+00,  2.9256e-06,  0.0000e+00,  ...,  0.0000e+00,
          0.0000e+00,  2.1019e-06],
        ...,
        [ 0.0000e+00, -8.7058e-05, -1.0431e-10,  ...,  0.0000e+00,
         -5.5320e-06, -4.8275e-05],
        [ 0.0000e+00,  1.7776e-05,  4.3838e-11,  ...,  0.0000e+00,
          3.8796e-06,  6.8818e-06],
        [ 0.0000e+00,  1.0149e-04,  2.3794e-11,  ...,  0.0000e+00,
          3.6538e-06,  5.8409e-05]], device='cuda:0')
tensor([ 4.7304e-05,  0.0000e+00,  3.2230e-06, -8.4519e-05,  1.7672e-04,
         3.8149e-05, -1.0868e-04,  1.1670e-04, -1.8164e-04,  0.0000e+00,
         0.0000e+00,  2.6627e-05,  1.7911e-05, -1.4302e-06,  0.0000e+00,
        -6.6472e-06,  1.1381e-05,  1.6828e-04, -2.1896e-04, -2.6873e-04,
        -1.7548e-04,  2.1725e-04,  1.1192e-05,  0.0000e+00, -2.5960e-04,
        -5.2757e-05, -2.4409e-07,  6.8311e-05,  0.0000e+00,  0.0000e+00,
        -6.6552e-06,  1.8652e-06, -1.2265e-05,  0.0000e+00,  4.1557e-08,
         2.4907e-05, -4.6946e-05, -2.1299e-05,  0.0000e+00,  0.0000e+00,
         0.0000e+00, -3.6870e-05,  1.9714e-07,  3.5206e-06, -1.4821e-04,
         1.8286e-04,  2.9993e-04,  1.1476e-04,  0.0000e+00,  2.9912e-04,
        -7.4369e-05,  1.1234e-04,  0.0000e+00, -1.0647e-04,  1.9770e-04,
        -4.1227e-05, -4.8062e-05,  6.7036e-06,  9.8572e-05, -8.4274e-05,
         3.2602e-04, -1.2999e-04,  2.4497e-05,  1.3648e-04], device='cuda:0')
tensor([[-4.7146e-07,  0.0000e+00,  3.2518e-08,  ..., -1.7913e-05,
         -2.0821e-05, -2.3937e-05],
        [ 0.0000e+00,  0.0000e+00,  0.0000e+00,  ...,  0.0000e+00,
          0.0000e+00,  0.0000e+00],
        [ 0.0000e+00,  0.0000e+00,  0.0000e+00,  ...,  0.0000e+00,
          0.0000e+00,  0.0000e+00],
        ...,
        [-1.3182e-07,  0.0000e+00, -1.2814e-08,  ..., -1.1908e-05,
         -1.4042e-05, -1.5856e-05],
        [ 0.0000e+00,  0.0000e+00,  0.0000e+00,  ...,  0.0000e+00,
          0.0000e+00,  0.0000e+00],
        [ 6.5771e-08,  0.0000e+00,  0.0000e+00,  ...,  3.6773e-06,
          4.7722e-06,  4.2473e-06]], device='cuda:0')
tensor([-1.0866e-04,  0.0000e+00,  0.0000e+00, -9.3758e-05, -1.1925e-06,
         2.0923e-05, -7.7587e-05,  5.7086e-04, -3.8529e-07,  0.0000e+00,
         0.0000e+00,  3.7956e-06, -1.2445e-05, -1.7490e-06, -6.0774e-05,
         4.6073e-04,  7.0932e-06,  1.0633e-04,  0.0000e+00, -7.7014e-04,
         0.0000e+00,  0.0000e+00, -2.6280e-04,  0.0000e+00, -9.1704e-05,
         0.0000e+00,  6.3486e-05,  3.8436e-05,  5.8953e-05,  0.0000e+00,
         0.0000e+00,  3.3454e-04, -4.6226e-05,  0.0000e+00,  4.3664e-04,
        -2.2171e-04,  0.0000e+00, -1.7710e-04, -3.3702e-04,  4.5851e-04,
         4.2026e-05,  3.3413e-05,  2.0806e-05, -2.9334e-04,  2.8277e-05,
         4.1278e-04, -8.2684e-04,  2.3859e-05,  4.8387e-05,  0.0000e+00,
         1.5474e-04,  0.0000e+00, -7.4148e-06, -3.4219e-06,  4.7490e-06,
         7.3728e-05, -1.1574e-04, -2.4959e-04,  1.0881e-04, -3.3777e-04,
         0.0000e+00,  4.6247e-05, -2.9743e-04, -1.9756e-04,  5.4682e-05,
         9.8394e-05,  0.0000e+00, -3.6350e-05,  0.0000e+00, -1.0468e-04,
        -3.2578e-05,  2.7902e-05,  0.0000e+00,  0.0000e+00,  3.7173e-06,
        -8.0882e-05,  0.0000e+00, -1.8719e-05,  2.8142e-04,  0.0000e+00,
         5.9839e-05, -7.7338e-04, -9.7246e-05, -1.2833e-05,  0.0000e+00,
         1.4079e-05,  4.1336e-05,  3.9604e-04,  0.0000e+00,  0.0000e+00,
        -2.4001e-04,  1.6494e-04,  1.2424e-04,  9.7623e-05,  0.0000e+00,
         0.0000e+00,  0.0000e+00,  0.0000e+00, -6.5131e-08, -1.8144e-04,
        -8.5346e-05, -2.1124e-04, -3.1702e-04,  1.5309e-04, -6.1082e-05,
         1.0318e-04, -2.7459e-05,  1.8667e-04,  0.0000e+00, -2.7510e-04,
         1.9838e-07,  1.7208e-05, -1.8761e-04,  3.1083e-04, -2.6162e-04,
        -3.2619e-07,  0.0000e+00, -1.4272e-05,  0.0000e+00,  0.0000e+00,
        -2.0223e-06,  4.8936e-05,  1.0969e-04, -3.7080e-04,  0.0000e+00,
        -7.2644e-05,  0.0000e+00,  1.2849e-05], device='cuda:0')
tensor([[-2.7278e-05,  0.0000e+00,  0.0000e+00,  ..., -4.8228e-06,
          0.0000e+00, -3.2958e-07],
        [ 1.2601e-06,  0.0000e+00,  0.0000e+00,  ..., -1.0514e-09,
          0.0000e+00,  2.6267e-08],
        [ 0.0000e+00,  0.0000e+00,  0.0000e+00,  ...,  0.0000e+00,
          0.0000e+00,  0.0000e+00],
        ...,
        [-3.3939e-05,  0.0000e+00,  0.0000e+00,  ..., -7.5116e-06,
          0.0000e+00, -3.7197e-07],
        [ 7.4179e-05,  0.0000e+00,  0.0000e+00,  ...,  1.4284e-05,
          0.0000e+00,  7.4273e-07],
        [-8.3708e-05,  0.0000e+00,  0.0000e+00,  ..., -1.5410e-05,
          0.0000e+00, -9.0183e-07]], device='cuda:0')
tensor([-2.6134e-04,  8.4568e-06,  0.0000e+00,  0.0000e+00,  0.0000e+00,
         0.0000e+00,  4.4747e-04, -5.7871e-04, -6.9732e-04,  0.0000e+00,
         0.0000e+00,  0.0000e+00,  0.0000e+00,  0.0000e+00,  0.0000e+00,
        -1.1798e-03,  4.5297e-04, -9.8524e-04,  0.0000e+00,  3.7652e-06,
        -1.6575e-04, -5.7554e-04,  0.0000e+00,  0.0000e+00,  1.8395e-04,
        -4.1053e-04,  0.0000e+00,  0.0000e+00,  6.0741e-05,  0.0000e+00,
         5.1060e-04,  0.0000e+00,  9.1328e-04,  9.1218e-04,  1.0869e-03,
        -2.3265e-04,  1.3643e-04, -6.4310e-05,  0.0000e+00, -7.6298e-05,
         0.0000e+00,  3.4361e-06, -6.1088e-05,  2.8467e-05, -4.2560e-04,
        -7.7957e-04,  8.3036e-05,  0.0000e+00,  0.0000e+00,  0.0000e+00,
         7.2292e-04, -3.4317e-04,  0.0000e+00,  0.0000e+00,  2.9281e-04,
         3.1779e-04,  0.0000e+00,  6.9021e-04,  0.0000e+00,  0.0000e+00,
        -9.7754e-04, -1.1151e-05, -2.8635e-04,  0.0000e+00,  0.0000e+00,
        -9.9535e-04,  0.0000e+00,  0.0000e+00,  4.8070e-05,  0.0000e+00,
        -1.8064e-04,  7.2391e-05,  0.0000e+00,  0.0000e+00,  6.2157e-04,
         0.0000e+00,  0.0000e+00,  0.0000e+00,  2.0334e-04,  8.3961e-04,
        -1.1426e-03, -4.8786e-06,  2.7435e-04, -8.5067e-04, -1.6604e-04,
         0.0000e+00,  0.0000e+00,  0.0000e+00,  1.0833e-04,  0.0000e+00,
         3.1415e-05, -7.0913e-05, -3.2435e-04,  7.7336e-04,  1.2284e-03,
         8.2950e-04,  0.0000e+00, -2.5028e-04, -1.4170e-03,  2.8798e-04,
         1.1028e-04,  1.1620e-03,  0.0000e+00, -1.2406e-03,  4.5675e-04,
         1.2176e-03,  0.0000e+00,  0.0000e+00, -2.0124e-05,  0.0000e+00,
         1.2821e-03,  0.0000e+00,  0.0000e+00,  7.9295e-05, -5.4204e-05,
         0.0000e+00,  1.1099e-03,  0.0000e+00, -2.1213e-05,  0.0000e+00,
         1.7364e-07,  0.0000e+00,  7.8945e-04,  0.0000e+00, -6.5946e-04,
        -2.6538e-04,  6.8567e-04, -7.9290e-04], device='cuda:0')
tensor([[-1.0003e-04, -4.2076e-07,  0.0000e+00,  ..., -9.1389e-06,
         -4.7086e-05, -6.4970e-06],
        [ 0.0000e+00,  0.0000e+00,  0.0000e+00,  ...,  0.0000e+00,
          0.0000e+00,  0.0000e+00],
        [ 0.0000e+00,  0.0000e+00,  0.0000e+00,  ...,  0.0000e+00,
          0.0000e+00,  0.0000e+00],
        ...,
        [ 0.0000e+00,  0.0000e+00,  0.0000e+00,  ...,  0.0000e+00,
          0.0000e+00,  0.0000e+00],
        [ 0.0000e+00,  0.0000e+00,  0.0000e+00,  ...,  0.0000e+00,
          0.0000e+00,  0.0000e+00],
        [ 7.2883e-04,  1.2613e-06,  0.0000e+00,  ...,  7.4969e-05,
          4.1267e-04,  1.0527e-04]], device='cuda:0')
tensor([-6.1270e-04,  0.0000e+00,  0.0000e+00,  0.0000e+00, -2.2244e-03,
         6.7421e-04, -2.3105e-04,  1.0283e-03,  1.0436e-04, -2.8865e-04,
         1.3630e-03, -3.3557e-04,  0.0000e+00, -1.7644e-03,  1.8317e-03,
        -5.5962e-04,  0.0000e+00, -2.5006e-03, -2.7193e-05, -1.6256e-03,
         2.9528e-03, -4.5027e-03,  3.9211e-03,  7.9285e-04, -2.2728e-03,
         0.0000e+00,  0.0000e+00,  1.1840e-03,  0.0000e+00,  0.0000e+00,
         5.2568e-05,  0.0000e+00, -4.1558e-04,  0.0000e+00,  0.0000e+00,
         0.0000e+00, -2.3633e-03,  0.0000e+00, -3.4399e-03, -7.5742e-05,
        -5.0127e-04, -3.5688e-03,  0.0000e+00, -8.8083e-04,  1.6903e-04,
         0.0000e+00, -2.1755e-03,  0.0000e+00,  0.0000e+00,  0.0000e+00,
         2.1240e-03,  0.0000e+00,  0.0000e+00, -1.5822e-03,  0.0000e+00,
         0.0000e+00, -9.5608e-04,  0.0000e+00,  0.0000e+00,  0.0000e+00,
         0.0000e+00,  0.0000e+00,  0.0000e+00,  4.9192e-03], device='cuda:0')
tensor([[4.6687e-04, 0.0000e+00, 0.0000e+00,  ..., 0.0000e+00, 0.0000e+00,
         4.6338e-04],
        [4.9186e-05, 0.0000e+00, 0.0000e+00,  ..., 0.0000e+00, 0.0000e+00,
         4.7761e-05],
        [0.0000e+00, 0.0000e+00, 0.0000e+00,  ..., 0.0000e+00, 0.0000e+00,
         0.0000e+00],
        ...,
        [0.0000e+00, 0.0000e+00, 0.0000e+00,  ..., 0.0000e+00, 0.0000e+00,
         0.0000e+00],
        [1.7981e-04, 0.0000e+00, 0.0000e+00,  ..., 0.0000e+00, 0.0000e+00,
         1.8044e-04],
        [0.0000e+00, 0.0000e+00, 0.0000e+00,  ..., 0.0000e+00, 0.0000e+00,
         0.0000e+00]], device='cuda:0')
tensor([ 7.6828e-03,  8.2079e-04,  0.0000e+00,  0.0000e+00, -5.1148e-03,
         0.0000e+00, -2.0450e-04,  0.0000e+00,  0.0000e+00,  8.4448e-03,
         0.0000e+00,  0.0000e+00,  0.0000e+00,  0.0000e+00,  9.5740e-03,
        -8.2326e-03,  0.0000e+00, -7.1691e-03,  0.0000e+00, -6.4223e-03,
         0.0000e+00, -9.0443e-05,  5.7125e-04,  0.0000e+00,  0.0000e+00,
         0.0000e+00,  0.0000e+00, -2.5024e-03,  2.9470e-03,  0.0000e+00,
        -8.7927e-04, -7.1790e-03, -6.7730e-03,  0.0000e+00, -5.2146e-03,
         0.0000e+00,  0.0000e+00,  0.0000e+00, -3.3321e-03,  0.0000e+00,
        -5.3384e-03,  8.1035e-04, -8.7960e-04,  0.0000e+00,  2.5710e-03,
        -5.0199e-03,  6.5010e-03,  4.1210e-03,  0.0000e+00, -3.3284e-03,
         3.5455e-05,  0.0000e+00, -8.1875e-03,  0.0000e+00,  0.0000e+00,
        -3.4011e-03,  4.9667e-03, -1.3685e-03,  0.0000e+00,  0.0000e+00,
        -1.3206e-03,  0.0000e+00,  2.9798e-03,  0.0000e+00], device='cuda:0')
tensor([[-1.2154e-03, -2.9161e-04,  0.0000e+00,  0.0000e+00, -1.3045e-03,
          0.0000e+00, -3.5011e-03,  0.0000e+00,  0.0000e+00, -3.0429e-03,
          0.0000e+00,  0.0000e+00,  0.0000e+00,  0.0000e+00, -2.8852e-03,
         -1.0146e-03,  0.0000e+00, -2.1715e-03,  0.0000e+00, -2.6536e-04,
          0.0000e+00, -3.4300e-03, -1.3955e-06,  0.0000e+00,  0.0000e+00,
          0.0000e+00,  0.0000e+00, -2.2484e-04, -1.3961e-03,  0.0000e+00,
         -2.8945e-03, -2.7313e-03, -8.9183e-04,  0.0000e+00, -4.0174e-03,
          0.0000e+00,  0.0000e+00,  0.0000e+00, -3.9120e-03,  0.0000e+00,
         -3.2736e-03, -4.0729e-03, -1.6753e-03,  0.0000e+00, -3.2390e-04,
         -2.3383e-03, -3.2468e-03, -3.7154e-03,  0.0000e+00, -2.6359e-03,
         -2.3529e-03,  0.0000e+00, -1.2956e-03,  0.0000e+00,  0.0000e+00,
         -3.6398e-03, -1.2754e-03, -7.3252e-04,  0.0000e+00,  0.0000e+00,
         -9.3986e-04,  0.0000e+00, -1.1344e-03,  0.0000e+00],
        [-2.3429e-03, -5.6853e-04,  0.0000e+00,  0.0000e+00, -2.6023e-03,
          0.0000e+00, -6.8710e-03,  0.0000e+00,  0.0000e+00, -5.9492e-03,
          0.0000e+00,  0.0000e+00,  0.0000e+00,  0.0000e+00, -5.6816e-03,
         -2.0275e-03,  0.0000e+00, -4.2566e-03,  0.0000e+00, -5.8875e-04,
          0.0000e+00, -6.7187e-03, -2.3940e-06,  0.0000e+00,  0.0000e+00,
          0.0000e+00,  0.0000e+00, -4.6032e-04, -2.7071e-03,  0.0000e+00,
         -5.6850e-03, -5.3743e-03, -1.7618e-03,  0.0000e+00, -7.8509e-03,
          0.0000e+00,  0.0000e+00,  0.0000e+00, -7.6627e-03,  0.0000e+00,
         -6.3859e-03, -7.9817e-03, -3.3371e-03,  0.0000e+00, -6.5025e-04,
         -4.6047e-03, -6.3492e-03, -7.2756e-03,  0.0000e+00, -5.1921e-03,
         -4.5995e-03,  0.0000e+00, -2.5509e-03,  0.0000e+00,  0.0000e+00,
         -7.1615e-03, -2.4766e-03, -1.4369e-03,  0.0000e+00,  0.0000e+00,
         -1.8580e-03,  0.0000e+00, -2.2070e-03,  0.0000e+00],
        [ 5.8299e-04,  1.4007e-04,  0.0000e+00,  0.0000e+00,  6.2394e-04,
          0.0000e+00,  1.7224e-03,  0.0000e+00,  0.0000e+00,  1.4859e-03,
          0.0000e+00,  0.0000e+00,  0.0000e+00,  0.0000e+00,  1.3994e-03,
          4.8141e-04,  0.0000e+00,  1.0679e-03,  0.0000e+00,  1.2219e-04,
          0.0000e+00,  1.6745e-03,  8.3643e-07,  0.0000e+00,  0.0000e+00,
          0.0000e+00,  0.0000e+00,  1.0862e-04,  6.7953e-04,  0.0000e+00,
          1.4038e-03,  1.3349e-03,  4.3363e-04,  0.0000e+00,  1.9608e-03,
          0.0000e+00,  0.0000e+00,  0.0000e+00,  1.9162e-03,  0.0000e+00,
          1.5945e-03,  1.9889e-03,  8.1566e-04,  0.0000e+00,  1.5719e-04,
          1.1448e-03,  1.5875e-03,  1.8158e-03,  0.0000e+00,  1.2894e-03,
          1.1480e-03,  0.0000e+00,  6.3751e-04,  0.0000e+00,  0.0000e+00,
          1.7630e-03,  6.3110e-04,  3.4454e-04,  0.0000e+00,  0.0000e+00,
          4.5695e-04,  0.0000e+00,  5.4472e-04,  0.0000e+00],
        [ 8.2836e-04,  2.0017e-04,  0.0000e+00,  0.0000e+00,  9.1266e-04,
          0.0000e+00,  2.4044e-03,  0.0000e+00,  0.0000e+00,  2.0874e-03,
          0.0000e+00,  0.0000e+00,  0.0000e+00,  0.0000e+00,  1.9925e-03,
          7.1189e-04,  0.0000e+00,  1.4906e-03,  0.0000e+00,  2.0297e-04,
          0.0000e+00,  2.3568e-03,  7.4784e-07,  0.0000e+00,  0.0000e+00,
          0.0000e+00,  0.0000e+00,  1.5986e-04,  9.5249e-04,  0.0000e+00,
          1.9956e-03,  1.8818e-03,  6.1696e-04,  0.0000e+00,  2.7552e-03,
          0.0000e+00,  0.0000e+00,  0.0000e+00,  2.6859e-03,  0.0000e+00,
          2.2427e-03,  2.7991e-03,  1.1665e-03,  0.0000e+00,  2.2668e-04,
          1.6123e-03,  2.2270e-03,  2.5511e-03,  0.0000e+00,  1.8177e-03,
          1.6144e-03,  0.0000e+00,  8.9219e-04,  0.0000e+00,  0.0000e+00,
          2.5132e-03,  8.6816e-04,  5.0777e-04,  0.0000e+00,  0.0000e+00,
          6.5140e-04,  0.0000e+00,  7.7793e-04,  0.0000e+00],
        [ 7.4636e-04,  1.8048e-04,  0.0000e+00,  0.0000e+00,  8.2096e-04,
          0.0000e+00,  2.1657e-03,  0.0000e+00,  0.0000e+00,  1.8802e-03,
          0.0000e+00,  0.0000e+00,  0.0000e+00,  0.0000e+00,  1.7946e-03,
          6.4135e-04,  0.0000e+00,  1.3424e-03,  0.0000e+00,  1.8219e-04,
          0.0000e+00,  2.1231e-03,  6.5074e-07,  0.0000e+00,  0.0000e+00,
          0.0000e+00,  0.0000e+00,  1.4376e-04,  8.5741e-04,  0.0000e+00,
          1.7973e-03,  1.6948e-03,  5.5546e-04,  0.0000e+00,  2.4822e-03,
          0.0000e+00,  0.0000e+00,  0.0000e+00,  2.4197e-03,  0.0000e+00,
          2.0203e-03,  2.5219e-03,  1.0501e-03,  0.0000e+00,  2.0400e-04,
          1.4520e-03,  2.0061e-03,  2.2979e-03,  0.0000e+00,  1.6374e-03,
          1.4539e-03,  0.0000e+00,  8.0379e-04,  0.0000e+00,  0.0000e+00,
          2.2620e-03,  7.8292e-04,  4.5667e-04,  0.0000e+00,  0.0000e+00,
          5.8674e-04,  0.0000e+00,  7.0016e-04,  0.0000e+00],
        [ 6.7357e-04,  1.6254e-04,  0.0000e+00,  0.0000e+00,  7.3568e-04,
          0.0000e+00,  1.9636e-03,  0.0000e+00,  0.0000e+00,  1.7018e-03,
          0.0000e+00,  0.0000e+00,  0.0000e+00,  0.0000e+00,  1.6187e-03,
          5.7264e-04,  0.0000e+00,  1.2172e-03,  0.0000e+00,  1.5833e-04,
          0.0000e+00,  1.9207e-03,  7.1928e-07,  0.0000e+00,  0.0000e+00,
          0.0000e+00,  0.0000e+00,  1.2871e-04,  7.7685e-04,  0.0000e+00,
          1.6218e-03,  1.5328e-03,  5.0110e-04,  0.0000e+00,  2.2467e-03,
          0.0000e+00,  0.0000e+00,  0.0000e+00,  2.1915e-03,  0.0000e+00,
          1.8283e-03,  2.2812e-03,  9.4616e-04,  0.0000e+00,  1.8366e-04,
          1.3135e-03,  1.8167e-03,  2.0798e-03,  0.0000e+00,  1.4805e-03,
          1.3159e-03,  0.0000e+00,  7.2806e-04,  0.0000e+00,  0.0000e+00,
          2.0404e-03,  7.1224e-04,  4.0878e-04,  0.0000e+00,  0.0000e+00,
          5.2919e-04,  0.0000e+00,  6.3137e-04,  0.0000e+00],
        [ 7.2700e-04,  1.7688e-04,  0.0000e+00,  0.0000e+00,  8.1351e-04,
          0.0000e+00,  2.1161e-03,  0.0000e+00,  0.0000e+00,  1.8369e-03,
          0.0000e+00,  0.0000e+00,  0.0000e+00,  0.0000e+00,  1.7615e-03,
          6.3484e-04,  0.0000e+00,  1.3100e-03,  0.0000e+00,  1.8842e-04,
          0.0000e+00,  2.0737e-03,  8.3522e-07,  0.0000e+00,  0.0000e+00,
          0.0000e+00,  0.0000e+00,  1.4421e-04,  8.3690e-04,  0.0000e+00,
          1.7611e-03,  1.6612e-03,  5.4653e-04,  0.0000e+00,  2.4235e-03,
          0.0000e+00,  0.0000e+00,  0.0000e+00,  2.3613e-03,  0.0000e+00,
          1.9738e-03,  2.4634e-03,  1.0339e-03,  0.0000e+00,  2.0261e-04,
          1.4205e-03,  1.9586e-03,  2.2463e-03,  0.0000e+00,  1.6030e-03,
          1.4202e-03,  0.0000e+00,  7.8502e-04,  0.0000e+00,  0.0000e+00,
          2.2227e-03,  7.5754e-04,  4.5168e-04,  0.0000e+00,  0.0000e+00,
          5.7355e-04,  0.0000e+00,  6.8722e-04,  0.0000e+00]], device='cuda:0')
tensor([-0.0285, -0.0558,  0.0139,  0.0196,  0.0176,  0.0160,  0.0173],
       device='cuda:0')
tensor([[ 0.0000e+00,  0.0000e+00,  0.0000e+00,  ...,  0.0000e+00,
          0.0000e+00,  0.0000e+00],
        [ 2.8601e-05, -8.4931e-05, -3.1168e-05,  ..., -2.1946e-05,
          2.9653e-05,  2.7981e-05],
        [-7.9375e-09,  9.7073e-09,  3.8981e-09,  ...,  5.8147e-09,
         -7.4024e-09, -3.2865e-09],
        ...,
        [ 0.0000e+00,  0.0000e+00,  0.0000e+00,  ...,  0.0000e+00,
          0.0000e+00,  0.0000e+00],
        [-4.1198e-05,  1.2823e-04,  4.2344e-05,  ...,  3.0337e-05,
         -4.0043e-05, -3.8413e-05],
        [-2.9382e-05,  8.5892e-05,  3.4599e-05,  ...,  2.3508e-05,
         -3.2341e-05, -3.0857e-05]], device='cuda:0')
tensor([ 0.0000e+00,  4.2181e-05, -2.9575e-08,  0.0000e+00,  1.4340e-05,
         0.0000e+00,  2.6002e-05, -2.5263e-05, -1.1086e-05,  0.0000e+00,
         5.9578e-05,  0.0000e+00,  0.0000e+00,  1.0200e-05,  1.8879e-05,
         4.0505e-06,  0.0000e+00,  4.9016e-05, -5.1295e-06,  1.0592e-04,
         0.0000e+00, -3.4597e-05, -3.4674e-05,  5.5362e-07,  8.2740e-05,
         1.6432e-05,  0.0000e+00,  2.2036e-06, -2.6900e-05,  0.0000e+00,
        -6.7679e-05,  1.1118e-06,  0.0000e+00,  1.0680e-04, -2.3698e-05,
        -1.3159e-05, -4.1036e-05, -1.2274e-05,  4.3602e-05,  0.0000e+00,
        -3.4995e-06, -4.2231e-06,  9.8234e-05,  4.3657e-05, -1.0577e-04,
        -5.6530e-06,  0.0000e+00, -9.9053e-05,  7.5536e-06,  4.7455e-05,
         5.4775e-05,  0.0000e+00, -1.5976e-04,  0.0000e+00,  0.0000e+00,
         3.6172e-06,  6.6069e-05, -4.6728e-05,  0.0000e+00,  0.0000e+00,
         1.0010e-04,  0.0000e+00, -6.0428e-05, -4.2980e-05], device='cuda:0')
tensor([[ 0.0000e+00,  2.3602e-05, -2.4503e-12,  ...,  0.0000e+00,
          6.7104e-06,  1.2747e-05],
        [ 0.0000e+00,  0.0000e+00,  0.0000e+00,  ...,  0.0000e+00,
          0.0000e+00,  0.0000e+00],
        [ 0.0000e+00,  5.1132e-05,  0.0000e+00,  ...,  0.0000e+00,
          4.3248e-07,  3.5795e-05],
        ...,
        [ 0.0000e+00, -1.5167e-04, -5.4941e-12,  ...,  0.0000e+00,
         -1.5833e-05, -9.5810e-05],
        [ 0.0000e+00, -6.3246e-05,  1.8205e-12,  ...,  0.0000e+00,
         -3.9475e-06, -4.2197e-05],
        [ 0.0000e+00,  4.5514e-05,  1.6444e-12,  ...,  0.0000e+00,
          3.9082e-06,  2.8415e-05]], device='cuda:0')
tensor([ 3.6739e-05,  0.0000e+00,  5.5144e-05, -8.4874e-05,  1.5737e-04,
         5.1245e-05, -2.0497e-04,  9.6405e-05, -2.0465e-04,  0.0000e+00,
         0.0000e+00,  1.8777e-05,  2.8507e-05, -1.2682e-06,  0.0000e+00,
        -7.2507e-06,  1.9845e-05,  2.5537e-04, -1.9952e-04, -2.1872e-04,
        -1.8445e-04,  2.3280e-04,  2.2018e-05,  0.0000e+00, -3.9354e-04,
        -1.0684e-04,  7.6302e-07,  5.1149e-05,  0.0000e+00,  0.0000e+00,
        -8.6371e-06,  1.7867e-06, -1.8003e-06,  0.0000e+00, -2.7018e-07,
         2.5638e-05, -8.0914e-05, -3.6581e-05,  0.0000e+00,  0.0000e+00,
         0.0000e+00,  4.4111e-05,  5.4095e-07,  3.0529e-05, -2.4099e-04,
         2.7254e-04,  2.7344e-04,  2.2651e-04,  0.0000e+00,  2.8499e-04,
        -1.0174e-04,  7.4126e-05,  0.0000e+00, -1.4974e-04,  8.1196e-05,
        -1.9804e-05, -3.5674e-05,  2.3039e-05,  7.5500e-05, -7.1099e-05,
         3.2581e-04, -2.1216e-04, -7.1684e-05,  4.0851e-05], device='cuda:0')
tensor([[-6.2389e-07,  0.0000e+00,  2.0699e-07,  ..., -4.2125e-05,
         -4.5895e-05, -5.7502e-05],
        [ 0.0000e+00,  0.0000e+00,  0.0000e+00,  ...,  0.0000e+00,
          0.0000e+00,  0.0000e+00],
        [ 0.0000e+00,  0.0000e+00,  0.0000e+00,  ...,  0.0000e+00,
          0.0000e+00,  0.0000e+00],
        ...,
        [-2.0167e-07,  0.0000e+00, -7.5297e-07,  ..., -2.7955e-05,
         -3.2905e-05, -3.7176e-05],
        [ 0.0000e+00,  0.0000e+00,  0.0000e+00,  ...,  0.0000e+00,
          0.0000e+00,  0.0000e+00],
        [ 1.0440e-07,  0.0000e+00,  3.5864e-09,  ...,  7.0055e-06,
          8.7607e-06,  8.6414e-06]], device='cuda:0')
tensor([-2.5398e-04,  0.0000e+00,  0.0000e+00, -9.6358e-05, -1.5610e-06,
         1.4262e-04, -1.2770e-05,  6.4243e-04, -3.2283e-06,  0.0000e+00,
         0.0000e+00,  0.0000e+00, -1.6119e-05,  9.4037e-06, -6.2092e-05,
         1.7149e-04, -1.3413e-04,  1.9203e-04,  0.0000e+00, -9.3475e-04,
        -1.2134e-05,  0.0000e+00, -1.5346e-04,  0.0000e+00, -5.5968e-05,
         0.0000e+00,  2.1678e-05, -4.8502e-05,  1.5225e-04,  0.0000e+00,
         0.0000e+00,  3.5620e-04, -9.1334e-05,  0.0000e+00,  4.8541e-04,
        -4.1632e-04,  0.0000e+00, -2.6521e-04, -4.3896e-04,  3.9652e-04,
         2.9277e-05,  2.2805e-05, -1.3699e-05, -3.6646e-04,  2.2593e-05,
         4.1940e-04, -8.3342e-04,  6.5770e-05, -9.4655e-07,  0.0000e+00,
         8.4974e-05,  0.0000e+00, -1.7620e-05, -7.2123e-06, -1.0023e-04,
         5.4960e-05, -3.5567e-04, -8.0272e-05, -9.3084e-05, -2.9962e-04,
         0.0000e+00,  3.5955e-06, -3.3677e-04, -3.0226e-04,  9.6236e-05,
        -4.1632e-05,  0.0000e+00, -1.8002e-05,  0.0000e+00, -1.8935e-04,
        -1.7831e-04,  4.8482e-05,  0.0000e+00,  0.0000e+00, -3.1949e-08,
        -1.6858e-04,  0.0000e+00,  4.0144e-05,  1.1813e-04,  0.0000e+00,
         3.7018e-05, -9.9282e-04, -5.1272e-05, -1.3937e-05,  0.0000e+00,
        -8.8344e-06,  3.8987e-06,  3.0776e-04,  0.0000e+00,  0.0000e+00,
        -3.7937e-04,  1.8929e-04,  3.3236e-05, -3.3927e-05,  0.0000e+00,
         0.0000e+00,  0.0000e+00,  0.0000e+00,  6.9002e-07, -3.2191e-04,
        -1.4299e-04, -1.7593e-04, -2.4917e-04,  1.5307e-04, -1.3402e-04,
         8.0223e-05,  9.2997e-05,  1.9329e-04,  0.0000e+00, -3.2038e-04,
         1.4882e-07,  7.1190e-05, -2.2655e-04,  1.9432e-04, -3.5474e-04,
         1.8703e-05,  0.0000e+00, -8.5452e-06,  0.0000e+00,  0.0000e+00,
         3.7568e-05,  8.1357e-05, -5.1506e-06, -4.5169e-04,  0.0000e+00,
        -1.4052e-04,  0.0000e+00,  2.4871e-05], device='cuda:0')
tensor([[-6.4051e-05,  0.0000e+00,  0.0000e+00,  ..., -1.9539e-05,
          0.0000e+00, -5.2377e-07],
        [ 4.9618e-07,  0.0000e+00,  0.0000e+00,  ...,  1.5285e-09,
          0.0000e+00,  3.3521e-08],
        [ 0.0000e+00,  0.0000e+00,  0.0000e+00,  ...,  0.0000e+00,
          0.0000e+00,  0.0000e+00],
        ...,
        [-4.7142e-05,  0.0000e+00,  0.0000e+00,  ..., -1.4140e-05,
          0.0000e+00, -5.3434e-07],
        [ 8.2691e-05,  0.0000e+00,  0.0000e+00,  ...,  2.3094e-05,
          0.0000e+00,  8.5672e-07],
        [-9.1055e-05,  0.0000e+00,  0.0000e+00,  ..., -2.6065e-05,
          0.0000e+00, -1.0191e-06]], device='cuda:0')
tensor([-6.0900e-04,  3.6012e-06,  0.0000e+00,  0.0000e+00,  0.0000e+00,
         0.0000e+00,  2.4662e-04, -8.4933e-04, -5.3812e-04,  0.0000e+00,
         0.0000e+00,  1.6058e-07,  0.0000e+00,  0.0000e+00,  0.0000e+00,
        -1.3847e-03,  4.4619e-04, -8.1950e-04,  0.0000e+00,  0.0000e+00,
         5.3640e-05, -5.0961e-04,  0.0000e+00,  0.0000e+00,  5.5271e-05,
        -4.6687e-04,  0.0000e+00,  0.0000e+00,  0.0000e+00,  0.0000e+00,
         1.8018e-04,  0.0000e+00,  8.4267e-04,  6.9531e-04,  1.3381e-03,
        -3.1610e-04,  5.5602e-05,  1.1769e-04,  0.0000e+00, -9.3769e-05,
         0.0000e+00,  2.1558e-08, -9.6579e-05, -6.1619e-05, -6.1689e-04,
        -1.2551e-03,  1.1665e-04,  0.0000e+00,  0.0000e+00,  0.0000e+00,
         4.2148e-04, -7.6023e-04,  0.0000e+00,  0.0000e+00,  2.4920e-04,
        -2.5433e-05,  0.0000e+00,  5.7036e-04,  0.0000e+00,  0.0000e+00,
        -1.2492e-03,  0.0000e+00, -2.3400e-04,  0.0000e+00,  0.0000e+00,
        -1.2581e-03,  0.0000e+00, -6.3500e-07,  1.2389e-05,  0.0000e+00,
        -5.9133e-05,  1.5819e-04,  0.0000e+00,  0.0000e+00,  4.7318e-04,
         0.0000e+00,  0.0000e+00,  0.0000e+00,  1.6385e-04,  5.0058e-04,
        -1.2816e-03,  0.0000e+00, -1.2271e-05, -6.7628e-04, -1.6578e-04,
        -1.6145e-05,  0.0000e+00,  0.0000e+00,  7.3933e-06, -5.3287e-07,
         9.6467e-07, -1.6773e-04, -6.6559e-04,  5.6738e-04,  4.9599e-04,
         6.0290e-04,  0.0000e+00, -2.6754e-04, -1.5347e-03,  3.4601e-04,
        -2.5971e-05,  1.3040e-03,  0.0000e+00, -1.5694e-03,  6.2649e-04,
         9.8734e-04,  0.0000e+00,  0.0000e+00, -2.4284e-05,  0.0000e+00,
         1.3498e-03,  0.0000e+00,  0.0000e+00, -1.4706e-07,  8.8329e-06,
         0.0000e+00,  1.2766e-03,  0.0000e+00, -7.8838e-04,  0.0000e+00,
         0.0000e+00,  0.0000e+00,  8.8854e-04,  0.0000e+00, -5.5142e-04,
        -3.9656e-04,  7.6315e-04, -8.1807e-04], device='cuda:0')
tensor([[-1.4443e-04, -1.6061e-07,  0.0000e+00,  ..., -2.8984e-05,
         -6.3616e-05, -3.3828e-05],
        [ 0.0000e+00,  0.0000e+00,  0.0000e+00,  ...,  0.0000e+00,
          0.0000e+00,  0.0000e+00],
        [ 0.0000e+00,  0.0000e+00,  0.0000e+00,  ...,  0.0000e+00,
          0.0000e+00,  0.0000e+00],
        ...,
        [ 0.0000e+00,  0.0000e+00,  0.0000e+00,  ...,  0.0000e+00,
          0.0000e+00,  0.0000e+00],
        [ 0.0000e+00,  0.0000e+00,  0.0000e+00,  ...,  0.0000e+00,
          0.0000e+00,  0.0000e+00],
        [ 7.0626e-04,  1.9783e-07,  0.0000e+00,  ...,  1.3652e-04,
          3.4594e-04,  1.8823e-04]], device='cuda:0')
tensor([-9.3500e-04,  0.0000e+00,  0.0000e+00,  0.0000e+00, -2.3542e-03,
         4.5685e-04, -4.6825e-04,  8.6390e-04,  1.6445e-05, -3.9242e-04,
         1.2268e-03, -3.6492e-04,  0.0000e+00, -2.0264e-03,  1.7800e-03,
        -1.3509e-03,  0.0000e+00, -2.6464e-03,  0.0000e+00, -1.7405e-03,
         2.8255e-03, -4.6830e-03,  6.5417e-04,  6.0837e-04, -2.6216e-03,
         0.0000e+00,  0.0000e+00,  1.9111e-04,  1.1288e-05,  0.0000e+00,
        -2.3582e-05,  0.0000e+00, -5.9281e-04,  0.0000e+00,  0.0000e+00,
         0.0000e+00, -2.6362e-03,  0.0000e+00, -3.6571e-03, -6.2535e-04,
        -7.5738e-04, -3.7788e-03,  0.0000e+00, -9.5085e-04,  6.2069e-06,
         0.0000e+00, -2.3960e-03,  0.0000e+00,  0.0000e+00,  0.0000e+00,
         1.9837e-03,  0.0000e+00,  0.0000e+00, -1.7668e-03,  0.0000e+00,
         0.0000e+00, -1.1385e-03,  0.0000e+00,  0.0000e+00,  0.0000e+00,
         0.0000e+00,  0.0000e+00,  0.0000e+00,  4.8236e-03], device='cuda:0')
tensor([[5.0666e-04, 0.0000e+00, 0.0000e+00,  ..., 0.0000e+00, 0.0000e+00,
         3.0749e-04],
        [4.5831e-05, 0.0000e+00, 0.0000e+00,  ..., 0.0000e+00, 0.0000e+00,
         2.7265e-05],
        [0.0000e+00, 0.0000e+00, 0.0000e+00,  ..., 0.0000e+00, 0.0000e+00,
         0.0000e+00],
        ...,
        [0.0000e+00, 0.0000e+00, 0.0000e+00,  ..., 0.0000e+00, 0.0000e+00,
         0.0000e+00],
        [1.9162e-04, 0.0000e+00, 0.0000e+00,  ..., 0.0000e+00, 0.0000e+00,
         1.1736e-04],
        [0.0000e+00, 0.0000e+00, 0.0000e+00,  ..., 0.0000e+00, 0.0000e+00,
         0.0000e+00]], device='cuda:0')
tensor([ 0.0075,  0.0007,  0.0000,  0.0000, -0.0053,  0.0000, -0.0004,  0.0000,
         0.0000,  0.0084,  0.0000,  0.0000,  0.0000,  0.0000,  0.0095, -0.0085,
         0.0000, -0.0074,  0.0000, -0.0066,  0.0000, -0.0003,  0.0000,  0.0000,
         0.0000,  0.0000,  0.0000, -0.0027,  0.0028,  0.0000, -0.0010, -0.0074,
        -0.0070,  0.0000, -0.0054,  0.0000,  0.0000,  0.0000, -0.0035,  0.0000,
        -0.0056,  0.0007, -0.0011,  0.0000,  0.0024, -0.0052,  0.0064,  0.0040,
         0.0000, -0.0035, -0.0002,  0.0000, -0.0084,  0.0000,  0.0000, -0.0036,
         0.0048, -0.0015,  0.0000,  0.0000, -0.0015,  0.0000,  0.0029,  0.0000],
       device='cuda:0')
tensor([[-8.6038e-04, -1.4677e-04,  0.0000e+00,  0.0000e+00, -1.5816e-03,
          0.0000e+00, -3.5364e-03,  0.0000e+00,  0.0000e+00, -2.7559e-03,
          0.0000e+00,  0.0000e+00,  0.0000e+00,  0.0000e+00, -2.6472e-03,
         -1.2372e-03,  0.0000e+00, -2.4230e-03,  0.0000e+00, -5.1723e-04,
          0.0000e+00, -3.4403e-03,  0.0000e+00,  0.0000e+00,  0.0000e+00,
          0.0000e+00,  0.0000e+00, -4.7107e-04, -1.1704e-03,  0.0000e+00,
         -3.1266e-03, -2.7905e-03, -1.2721e-03,  0.0000e+00, -4.1013e-03,
          0.0000e+00,  0.0000e+00,  0.0000e+00, -4.0735e-03,  0.0000e+00,
         -3.2232e-03, -4.1276e-03, -1.9996e-03,  0.0000e+00, -2.8770e-04,
         -2.7296e-03, -3.1852e-03, -3.7413e-03,  0.0000e+00, -2.8753e-03,
         -2.4767e-03,  0.0000e+00, -1.6515e-03,  0.0000e+00,  0.0000e+00,
         -3.5696e-03, -1.1410e-03, -8.8846e-04,  0.0000e+00,  0.0000e+00,
         -1.0605e-03,  0.0000e+00, -9.3634e-04,  0.0000e+00],
        [-1.6746e-03, -2.9918e-04,  0.0000e+00,  0.0000e+00, -3.1432e-03,
          0.0000e+00, -6.9754e-03,  0.0000e+00,  0.0000e+00, -5.4292e-03,
          0.0000e+00,  0.0000e+00,  0.0000e+00,  0.0000e+00, -5.2505e-03,
         -2.4563e-03,  0.0000e+00, -4.7503e-03,  0.0000e+00, -1.0645e-03,
          0.0000e+00, -6.7827e-03,  0.0000e+00,  0.0000e+00,  0.0000e+00,
          0.0000e+00,  0.0000e+00, -9.3754e-04, -2.2811e-03,  0.0000e+00,
         -6.1567e-03, -5.5119e-03, -2.4999e-03,  0.0000e+00, -8.0664e-03,
          0.0000e+00,  0.0000e+00,  0.0000e+00, -8.0282e-03,  0.0000e+00,
         -6.3478e-03, -8.1230e-03, -3.9641e-03,  0.0000e+00, -5.6960e-04,
         -5.3759e-03, -6.2601e-03, -7.3517e-03,  0.0000e+00, -5.6703e-03,
         -4.8546e-03,  0.0000e+00, -3.2484e-03,  0.0000e+00,  0.0000e+00,
         -7.0521e-03, -2.2296e-03, -1.7405e-03,  0.0000e+00,  0.0000e+00,
         -2.0885e-03,  0.0000e+00, -1.8268e-03,  0.0000e+00],
        [ 3.9716e-04,  6.5136e-05,  0.0000e+00,  0.0000e+00,  7.5409e-04,
          0.0000e+00,  1.7294e-03,  0.0000e+00,  0.0000e+00,  1.3282e-03,
          0.0000e+00,  0.0000e+00,  0.0000e+00,  0.0000e+00,  1.2680e-03,
          5.8670e-04,  0.0000e+00,  1.1832e-03,  0.0000e+00,  2.4540e-04,
          0.0000e+00,  1.6656e-03,  0.0000e+00,  0.0000e+00,  0.0000e+00,
          0.0000e+00,  0.0000e+00,  2.3062e-04,  5.6589e-04,  0.0000e+00,
          1.5052e-03,  1.3541e-03,  6.2440e-04,  0.0000e+00,  1.9822e-03,
          0.0000e+00,  0.0000e+00,  0.0000e+00,  1.9839e-03,  0.0000e+00,
          1.5520e-03,  2.0017e-03,  9.7026e-04,  0.0000e+00,  1.3513e-04,
          1.3331e-03,  1.5436e-03,  1.8159e-03,  0.0000e+00,  1.3999e-03,
          1.2026e-03,  0.0000e+00,  8.0804e-04,  0.0000e+00,  0.0000e+00,
          1.7102e-03,  5.5693e-04,  4.1966e-04,  0.0000e+00,  0.0000e+00,
          5.1083e-04,  0.0000e+00,  4.3709e-04,  0.0000e+00],
        [ 5.8899e-04,  1.0473e-04,  0.0000e+00,  0.0000e+00,  1.0932e-03,
          0.0000e+00,  2.4174e-03,  0.0000e+00,  0.0000e+00,  1.8877e-03,
          0.0000e+00,  0.0000e+00,  0.0000e+00,  0.0000e+00,  1.8248e-03,
          8.5542e-04,  0.0000e+00,  1.6496e-03,  0.0000e+00,  3.6781e-04,
          0.0000e+00,  2.3558e-03,  0.0000e+00,  0.0000e+00,  0.0000e+00,
          0.0000e+00,  0.0000e+00,  3.2427e-04,  7.9497e-04,  0.0000e+00,
          2.1418e-03,  1.9124e-03,  8.6646e-04,  0.0000e+00,  2.8039e-03,
          0.0000e+00,  0.0000e+00,  0.0000e+00,  2.7854e-03,  0.0000e+00,
          2.2076e-03,  2.8218e-03,  1.3747e-03,  0.0000e+00,  1.9875e-04,
          1.8648e-03,  2.1756e-03,  2.5544e-03,  0.0000e+00,  1.9671e-03,
          1.6876e-03,  0.0000e+00,  1.1265e-03,  0.0000e+00,  0.0000e+00,
          2.4540e-03,  7.7464e-04,  6.0886e-04,  0.0000e+00,  0.0000e+00,
          7.2666e-04,  0.0000e+00,  6.4086e-04,  0.0000e+00],
        [ 5.3510e-04,  9.5106e-05,  0.0000e+00,  0.0000e+00,  9.9006e-04,
          0.0000e+00,  2.1916e-03,  0.0000e+00,  0.0000e+00,  1.7117e-03,
          0.0000e+00,  0.0000e+00,  0.0000e+00,  0.0000e+00,  1.6546e-03,
          7.7572e-04,  0.0000e+00,  1.4957e-03,  0.0000e+00,  3.3300e-04,
          0.0000e+00,  2.1369e-03,  0.0000e+00,  0.0000e+00,  0.0000e+00,
          0.0000e+00,  0.0000e+00,  2.9396e-04,  7.2069e-04,  0.0000e+00,
          1.9422e-03,  1.7337e-03,  7.8562e-04,  0.0000e+00,  2.5433e-03,
          0.0000e+00,  0.0000e+00,  0.0000e+00,  2.5264e-03,  0.0000e+00,
          2.0023e-03,  2.5597e-03,  1.2458e-03,  0.0000e+00,  1.7964e-04,
          1.6908e-03,  1.9730e-03,  2.3162e-03,  0.0000e+00,  1.7837e-03,
          1.5305e-03,  0.0000e+00,  1.0214e-03,  0.0000e+00,  0.0000e+00,
          2.2238e-03,  7.0333e-04,  5.5152e-04,  0.0000e+00,  0.0000e+00,
          6.5946e-04,  0.0000e+00,  5.8052e-04,  0.0000e+00],
        [ 4.8437e-04,  8.4566e-05,  0.0000e+00,  0.0000e+00,  9.0217e-04,
          0.0000e+00,  2.0126e-03,  0.0000e+00,  0.0000e+00,  1.5657e-03,
          0.0000e+00,  0.0000e+00,  0.0000e+00,  0.0000e+00,  1.5093e-03,
          7.0545e-04,  0.0000e+00,  1.3742e-03,  0.0000e+00,  3.0115e-04,
          0.0000e+00,  1.9567e-03,  0.0000e+00,  0.0000e+00,  0.0000e+00,
          0.0000e+00,  0.0000e+00,  2.6963e-04,  6.6111e-04,  0.0000e+00,
          1.7760e-03,  1.5883e-03,  7.2253e-04,  0.0000e+00,  2.3289e-03,
          0.0000e+00,  0.0000e+00,  0.0000e+00,  2.3174e-03,  0.0000e+00,
          1.8312e-03,  2.3453e-03,  1.1406e-03,  0.0000e+00,  1.6349e-04,
          1.5526e-03,  1.8084e-03,  2.1237e-03,  0.0000e+00,  1.6358e-03,
          1.4041e-03,  0.0000e+00,  9.3844e-04,  0.0000e+00,  0.0000e+00,
          2.0305e-03,  6.4617e-04,  5.0280e-04,  0.0000e+00,  0.0000e+00,
          6.0294e-04,  0.0000e+00,  5.2765e-04,  0.0000e+00],
        [ 5.2932e-04,  9.6414e-05,  0.0000e+00,  0.0000e+00,  9.8536e-04,
          0.0000e+00,  2.1609e-03,  0.0000e+00,  0.0000e+00,  1.6917e-03,
          0.0000e+00,  0.0000e+00,  0.0000e+00,  0.0000e+00,  1.6410e-03,
          7.7019e-04,  0.0000e+00,  1.4705e-03,  0.0000e+00,  3.3442e-04,
          0.0000e+00,  2.1078e-03,  0.0000e+00,  0.0000e+00,  0.0000e+00,
          0.0000e+00,  0.0000e+00,  2.9012e-04,  7.0877e-04,  0.0000e+00,
          1.9181e-03,  1.7138e-03,  7.7300e-04,  0.0000e+00,  2.5095e-03,
          0.0000e+00,  0.0000e+00,  0.0000e+00,  2.4886e-03,  0.0000e+00,
          1.9780e-03,  2.5221e-03,  1.2323e-03,  0.0000e+00,  1.8030e-04,
          1.6643e-03,  1.9447e-03,  2.2829e-03,  0.0000e+00,  1.7590e-03,
          1.5063e-03,  0.0000e+00,  1.0055e-03,  0.0000e+00,  0.0000e+00,
          2.2033e-03,  6.8948e-04,  5.4614e-04,  0.0000e+00,  0.0000e+00,
          6.4903e-04,  0.0000e+00,  5.7706e-04,  0.0000e+00]], device='cuda:0')
tensor([-0.0286, -0.0563,  0.0138,  0.0196,  0.0178,  0.0163,  0.0175],
       device='cuda:0')
tensor([[ 0.0000e+00,  0.0000e+00,  0.0000e+00,  ...,  0.0000e+00,
          0.0000e+00,  0.0000e+00],
        [ 3.3916e-07,  1.0091e-05,  6.8991e-06,  ...,  1.1955e-06,
         -2.3109e-06, -6.3892e-06],
        [-6.5938e-09,  1.1536e-08,  3.5368e-09,  ...,  4.6056e-09,
         -5.7791e-09, -2.8971e-09],
        ...,
        [ 0.0000e+00,  0.0000e+00,  0.0000e+00,  ...,  0.0000e+00,
          0.0000e+00,  0.0000e+00],
        [-3.2879e-05,  1.0033e-04,  3.5090e-05,  ...,  2.4771e-05,
         -3.3158e-05, -3.1648e-05],
        [-4.6070e-05,  1.3502e-04,  5.7814e-05,  ...,  3.7958e-05,
         -5.2902e-05, -5.1406e-05]], device='cuda:0')
tensor([ 0.0000e+00,  9.0340e-06, -2.1038e-08,  0.0000e+00,  2.2733e-05,
         0.0000e+00,  1.6948e-05, -2.4539e-05, -1.1698e-05,  0.0000e+00,
         4.8443e-05,  0.0000e+00,  0.0000e+00,  1.1700e-05, -8.1225e-07,
         1.0126e-05,  0.0000e+00,  4.8481e-05,  1.8522e-06,  6.4983e-05,
         0.0000e+00, -3.2823e-05, -2.9439e-05,  7.7890e-08,  3.1317e-05,
         1.1031e-05,  0.0000e+00,  8.0354e-07, -3.0942e-05,  0.0000e+00,
        -1.3329e-04, -6.4584e-05,  0.0000e+00,  8.4606e-05, -4.4680e-05,
        -1.8057e-05, -4.6260e-05, -6.0465e-05,  2.9430e-05,  0.0000e+00,
        -5.9110e-06, -5.7021e-06,  5.7174e-05,  2.8476e-05, -1.0578e-04,
         4.4780e-06,  0.0000e+00, -1.3683e-04,  2.5605e-06,  5.4762e-05,
         5.4814e-05,  0.0000e+00, -2.0027e-04,  0.0000e+00,  0.0000e+00,
         1.1849e-07,  4.6438e-05, -7.6546e-05,  0.0000e+00,  0.0000e+00,
         6.4800e-05,  0.0000e+00, -4.6969e-05, -6.5129e-05], device='cuda:0')
tensor([[ 0.0000e+00,  2.5206e-05, -1.4688e-11,  ...,  0.0000e+00,
          9.1146e-06,  1.4881e-05],
        [ 0.0000e+00,  0.0000e+00,  0.0000e+00,  ...,  0.0000e+00,
          0.0000e+00,  0.0000e+00],
        [ 0.0000e+00,  1.3125e-04,  0.0000e+00,  ...,  0.0000e+00,
          8.0509e-06,  1.0016e-04],
        ...,
        [ 0.0000e+00, -2.5101e-04, -3.9610e-12,  ...,  0.0000e+00,
         -3.5838e-05, -1.7993e-04],
        [ 0.0000e+00, -8.4656e-05,  3.9321e-12,  ...,  0.0000e+00,
         -1.2383e-05, -6.2908e-05],
        [ 0.0000e+00,  9.9223e-06,  1.3665e-11,  ...,  0.0000e+00,
          1.6273e-06,  6.1473e-06]], device='cuda:0')
tensor([ 3.5141e-05,  0.0000e+00,  1.6013e-04, -3.5327e-05,  5.9415e-05,
         5.3625e-05, -3.1958e-04,  5.8996e-05, -2.1558e-04,  0.0000e+00,
         0.0000e+00,  1.9117e-05,  5.0511e-05, -1.3855e-06,  0.0000e+00,
        -4.7436e-06,  4.7255e-05,  2.9312e-04, -2.2882e-04, -2.0105e-04,
        -2.8796e-04,  2.4741e-04,  3.0771e-05, -3.6667e-06, -5.0307e-04,
        -1.7795e-04,  2.4102e-06, -1.1933e-05,  0.0000e+00,  0.0000e+00,
        -1.5732e-05,  2.4783e-06,  3.9890e-05,  1.8535e-08,  2.4660e-07,
         2.6853e-05, -7.4918e-05, -2.2984e-05,  0.0000e+00,  0.0000e+00,
         0.0000e+00,  4.6100e-05,  1.5644e-06,  3.3797e-05, -2.0290e-04,
         3.0571e-04,  1.9895e-04,  2.1021e-04,  0.0000e+00,  2.0576e-04,
        -7.5963e-05,  4.2995e-05,  0.0000e+00, -1.9860e-04,  1.6329e-06,
        -2.3491e-05, -8.6485e-05, -3.2444e-05,  4.5734e-05, -1.2273e-04,
         3.3201e-04, -3.4485e-04, -1.3268e-04,  1.0326e-05], device='cuda:0')
tensor([[-6.0540e-07,  0.0000e+00, -3.2005e-06,  ..., -5.1738e-05,
         -5.8240e-05, -6.9020e-05],
        [ 0.0000e+00,  0.0000e+00,  0.0000e+00,  ...,  0.0000e+00,
          0.0000e+00,  0.0000e+00],
        [ 0.0000e+00,  0.0000e+00,  0.0000e+00,  ...,  0.0000e+00,
          0.0000e+00,  0.0000e+00],
        ...,
        [-3.8388e-07,  0.0000e+00, -3.1794e-06,  ..., -4.2688e-05,
         -4.7291e-05, -5.6731e-05],
        [ 0.0000e+00,  0.0000e+00,  0.0000e+00,  ...,  0.0000e+00,
          0.0000e+00,  0.0000e+00],
        [ 1.9978e-07,  0.0000e+00,  4.5388e-08,  ...,  8.3624e-06,
