tensor(0.3219)
tensor(5811)
4097
tensor([[-1.9606e-05,  4.8661e-05,  2.0933e-05,  ...,  1.5691e-05,
         -2.1691e-05, -1.8339e-05],
        [ 0.0000e+00,  0.0000e+00,  0.0000e+00,  ...,  0.0000e+00,
          0.0000e+00,  0.0000e+00],
        [ 1.0057e-05, -2.2503e-05, -9.2990e-06,  ..., -7.7995e-06,
          1.0607e-05,  8.0380e-06],
        ...,
        [ 2.1491e-06, -2.0502e-06, -4.2871e-08,  ..., -1.2496e-06,
          1.5141e-06, -4.7001e-08],
        [ 4.0015e-07, -1.3721e-06, -8.0990e-07,  ..., -4.1266e-07,
          6.2883e-07,  7.1884e-07],
        [-6.9180e-07, -6.0934e-07,  6.5174e-07,  ...,  7.1955e-07,
         -1.1324e-06, -4.5992e-07]], device='cuda:0')
tensor([-3.4819e-05,  0.0000e+00,  2.1538e-05, -2.4698e-05, -5.4228e-06,
        -3.7929e-05, -1.9305e-06,  2.7014e-05,  0.0000e+00,  7.4412e-06,
         4.3253e-05, -5.9848e-05,  0.0000e+00,  0.0000e+00,  4.2836e-05,
         5.8742e-05, -1.7734e-05,  0.0000e+00, -3.6997e-05, -3.4819e-05,
         2.1249e-08,  1.3776e-07,  2.0184e-05,  0.0000e+00, -2.0385e-05,
         1.4278e-05,  0.0000e+00,  0.0000e+00,  5.0257e-06,  2.1759e-05,
        -3.8211e-06,  0.0000e+00,  1.3798e-05,  4.9835e-05,  0.0000e+00,
        -3.3972e-06, -1.2443e-05,  1.0648e-07,  5.7855e-05,  4.8594e-06,
        -1.7121e-05,  1.4722e-06,  3.6276e-05,  2.8220e-05,  0.0000e+00,
        -7.7400e-08,  1.4633e-06,  1.0926e-05, -9.5854e-06,  0.0000e+00,
        -4.4546e-05, -6.0633e-05, -7.5440e-07,  3.1925e-06,  1.5056e-06,
        -1.4631e-05, -8.0854e-06,  0.0000e+00, -1.9600e-06, -7.4540e-06,
        -1.4031e-06,  6.5523e-06, -4.5301e-08, -2.2446e-06], device='cuda:0')
tensor([[ 0.0000e+00,  0.0000e+00,  0.0000e+00,  ...,  0.0000e+00,
          0.0000e+00,  0.0000e+00],
        [ 9.1544e-07,  0.0000e+00, -3.9579e-07,  ...,  6.5668e-08,
         -3.8600e-08, -5.9050e-07],
        [-6.6047e-05,  0.0000e+00, -3.4966e-06,  ..., -4.6977e-05,
         -6.8770e-06, -4.2214e-06],
        ...,
        [-2.8565e-05,  0.0000e+00, -1.8509e-06,  ..., -2.0927e-05,
         -2.6081e-06, -2.1997e-06],
        [ 0.0000e+00,  0.0000e+00,  0.0000e+00,  ...,  0.0000e+00,
          0.0000e+00,  0.0000e+00],
        [ 0.0000e+00,  0.0000e+00,  0.0000e+00,  ...,  0.0000e+00,
          0.0000e+00,  0.0000e+00]], device='cuda:0')
tensor([ 0.0000e+00, -1.1351e-06, -2.7498e-04,  5.0460e-05,  0.0000e+00,
         0.0000e+00,  0.0000e+00,  0.0000e+00,  1.4172e-05,  0.0000e+00,
         0.0000e+00,  0.0000e+00,  0.0000e+00,  2.8758e-05, -7.4938e-05,
         6.9028e-06,  0.0000e+00, -2.4194e-08,  9.9005e-05, -8.4115e-05,
        -4.5547e-05,  0.0000e+00, -8.4100e-08,  6.2631e-07,  6.4630e-05,
         6.5373e-05,  0.0000e+00, -1.8823e-05,  0.0000e+00,  0.0000e+00,
         0.0000e+00, -5.6544e-05, -2.7724e-06,  2.4042e-05,  0.0000e+00,
         1.2590e-06,  5.5592e-09,  6.4647e-05, -1.5540e-05,  0.0000e+00,
         0.0000e+00,  0.0000e+00,  2.8109e-05,  0.0000e+00,  9.9554e-05,
        -8.9215e-05,  0.0000e+00,  1.6727e-04, -4.2384e-06,  6.9044e-05,
         0.0000e+00,  0.0000e+00, -4.0315e-07, -1.1580e-04,  0.0000e+00,
         0.0000e+00, -7.0551e-05,  6.8515e-07,  0.0000e+00,  1.6102e-04,
         1.3080e-04, -1.3425e-04,  0.0000e+00,  0.0000e+00], device='cuda:0')
tensor([[ 0.0000e+00,  9.5602e-07,  1.1100e-05,  ...,  3.1757e-06,
          0.0000e+00,  0.0000e+00],
        [ 0.0000e+00, -2.9015e-06, -5.4555e-05,  ..., -1.6448e-05,
          0.0000e+00,  0.0000e+00],
        [ 0.0000e+00,  0.0000e+00,  0.0000e+00,  ...,  0.0000e+00,
          0.0000e+00,  0.0000e+00],
        ...,
        [ 0.0000e+00, -4.9127e-06, -9.5646e-05,  ..., -2.8102e-05,
          0.0000e+00,  0.0000e+00],
        [ 0.0000e+00,  0.0000e+00,  0.0000e+00,  ...,  0.0000e+00,
          0.0000e+00,  0.0000e+00],
        [ 0.0000e+00,  0.0000e+00,  0.0000e+00,  ...,  0.0000e+00,
          0.0000e+00,  0.0000e+00]], device='cuda:0')
tensor([ 4.4645e-05, -2.4639e-04,  0.0000e+00, -3.3961e-04, -1.4788e-05,
        -9.2927e-05,  0.0000e+00,  0.0000e+00,  0.0000e+00, -2.0097e-04,
         1.1284e-06,  0.0000e+00,  0.0000e+00, -1.6115e-04, -8.4497e-06,
         1.0284e-06, -5.3620e-05,  0.0000e+00, -4.3448e-06, -2.8620e-05,
        -3.3057e-04,  8.9527e-05,  0.0000e+00,  0.0000e+00,  3.4890e-04,
         2.9358e-04,  2.0437e-05, -4.4008e-05,  0.0000e+00,  0.0000e+00,
        -6.8835e-05, -1.4519e-04,  0.0000e+00, -1.2217e-05,  0.0000e+00,
         0.0000e+00,  0.0000e+00,  2.6023e-04, -1.9520e-06,  1.3705e-04,
        -1.4172e-04,  0.0000e+00,  0.0000e+00,  5.3724e-06,  1.4230e-05,
         1.8752e-04, -1.3552e-04, -2.1180e-04,  6.3741e-05,  1.1584e-04,
        -1.4264e-04,  1.2583e-04,  1.8469e-07,  0.0000e+00,  7.5533e-06,
         0.0000e+00,  0.0000e+00,  0.0000e+00,  9.2081e-05,  1.4115e-04,
         6.0152e-05, -2.7367e-07, -1.1708e-04,  0.0000e+00, -1.9986e-04,
         3.9823e-05,  8.0671e-07,  7.8040e-07,  0.0000e+00, -4.2551e-05,
         1.4015e-04,  0.0000e+00,  0.0000e+00, -2.1570e-05,  1.3411e-07,
         1.2394e-04,  0.0000e+00,  1.9949e-04, -1.1066e-04,  0.0000e+00,
        -1.7230e-04,  6.7814e-05,  0.0000e+00,  1.3416e-04,  2.1229e-05,
         2.1302e-05,  3.8202e-04,  0.0000e+00,  0.0000e+00,  2.4784e-04,
         2.3359e-06,  0.0000e+00, -9.1178e-05, -5.5476e-05, -1.0509e-04,
        -1.1156e-04, -2.5152e-05,  1.2170e-04,  5.1351e-05,  8.0576e-05,
        -1.3470e-04,  1.3674e-04, -2.0365e-04,  0.0000e+00, -4.9818e-05,
        -1.6885e-05, -1.1291e-05, -9.4192e-05,  2.0899e-04, -2.8410e-04,
         0.0000e+00, -2.8832e-04, -3.3615e-06,  0.0000e+00,  2.0012e-05,
         1.4468e-05, -1.2478e-05, -1.1556e-04, -8.6258e-06,  0.0000e+00,
         0.0000e+00, -4.9565e-05, -4.5080e-05,  0.0000e+00, -1.6983e-04,
        -4.2223e-04,  0.0000e+00,  0.0000e+00], device='cuda:0')
tensor([[ 0.0000e+00,  0.0000e+00,  0.0000e+00,  ...,  0.0000e+00,
          0.0000e+00,  0.0000e+00],
        [ 8.9363e-05,  1.3322e-04,  0.0000e+00,  ...,  1.6826e-05,
          0.0000e+00,  0.0000e+00],
        [ 0.0000e+00,  0.0000e+00,  0.0000e+00,  ...,  0.0000e+00,
          0.0000e+00,  0.0000e+00],
        ...,
        [-8.5199e-08, -1.2113e-07,  0.0000e+00,  ...,  0.0000e+00,
          0.0000e+00,  0.0000e+00],
        [-9.6953e-06, -1.4068e-05,  0.0000e+00,  ..., -1.2441e-06,
          0.0000e+00,  0.0000e+00],
        [-2.4523e-05, -3.4923e-05,  0.0000e+00,  ..., -4.3658e-06,
          0.0000e+00,  0.0000e+00]], device='cuda:0')
tensor([ 0.0000e+00,  8.0385e-04,  0.0000e+00, -2.4534e-04,  3.6839e-04,
         0.0000e+00,  0.0000e+00,  0.0000e+00,  0.0000e+00, -1.0522e-04,
        -3.1239e-04,  6.2673e-04, -1.2699e-04,  0.0000e+00, -6.7324e-05,
         0.0000e+00,  0.0000e+00,  0.0000e+00,  8.5438e-04, -1.5616e-04,
         1.4492e-04, -7.4376e-04,  0.0000e+00, -9.1245e-04, -1.4226e-04,
        -1.9688e-08,  0.0000e+00, -1.0248e-04, -4.5020e-04, -2.2652e-04,
        -1.1464e-04,  2.7948e-04, -1.8574e-05,  0.0000e+00,  0.0000e+00,
         0.0000e+00,  3.5297e-04, -9.5991e-05,  0.0000e+00, -5.5924e-04,
        -2.9838e-04,  3.7707e-04, -3.8053e-04, -3.5179e-04,  2.9456e-04,
         0.0000e+00, -2.4778e-04,  5.3270e-05,  3.1892e-05,  0.0000e+00,
         0.0000e+00,  0.0000e+00, -1.2695e-04,  0.0000e+00, -2.0575e-04,
        -1.1322e-03,  2.9479e-04,  4.1925e-04, -2.2985e-04,  0.0000e+00,
         0.0000e+00, -2.6597e-04, -7.0009e-04,  0.0000e+00,  1.5476e-05,
         0.0000e+00, -6.0490e-06,  2.9446e-06, -1.9644e-04,  0.0000e+00,
         5.1536e-04, -5.9091e-06, -6.3697e-05,  0.0000e+00, -2.0098e-04,
         0.0000e+00,  0.0000e+00,  0.0000e+00,  3.5721e-04,  2.8190e-04,
         0.0000e+00,  9.3425e-04,  2.4382e-05,  0.0000e+00,  0.0000e+00,
         0.0000e+00,  1.1661e-04,  0.0000e+00,  0.0000e+00,  0.0000e+00,
         0.0000e+00,  6.5410e-04,  3.9811e-05,  0.0000e+00,  0.0000e+00,
         4.3284e-05,  0.0000e+00, -9.8960e-05,  0.0000e+00,  0.0000e+00,
        -1.9853e-05, -1.0952e-04, -7.6039e-04, -3.5321e-04, -2.1838e-04,
        -7.3119e-04, -1.3070e-04,  1.9897e-05, -2.2553e-05,  0.0000e+00,
         8.2304e-08,  9.7281e-05,  0.0000e+00, -3.3801e-04,  6.9819e-04,
        -8.5926e-05,  1.4344e-04, -9.9523e-05, -2.1303e-04,  0.0000e+00,
         7.1721e-04,  4.1162e-04,  7.7319e-04, -4.0810e-05,  7.1765e-04,
        -7.7748e-07, -8.7691e-05, -2.1643e-04], device='cuda:0')
tensor([[ 0.0000e+00, -1.0077e-04,  0.0000e+00,  ..., -6.5662e-09,
         -4.0733e-06, -1.2549e-04],
        [ 0.0000e+00,  8.9603e-05,  0.0000e+00,  ...,  8.0290e-09,
          3.5335e-06,  1.1067e-04],
        [ 0.0000e+00,  0.0000e+00,  0.0000e+00,  ...,  0.0000e+00,
          0.0000e+00,  0.0000e+00],
        ...,
        [ 0.0000e+00, -1.3550e-04,  0.0000e+00,  ..., -7.3987e-09,
         -4.6157e-06, -1.6667e-04],
        [ 0.0000e+00,  0.0000e+00,  0.0000e+00,  ...,  0.0000e+00,
          0.0000e+00,  0.0000e+00],
        [ 0.0000e+00,  0.0000e+00,  0.0000e+00,  ...,  0.0000e+00,
          0.0000e+00,  0.0000e+00]], device='cuda:0')
tensor([-1.4451e-03,  1.2730e-03,  0.0000e+00,  0.0000e+00,  0.0000e+00,
         0.0000e+00,  2.7868e-05,  0.0000e+00,  0.0000e+00, -1.9607e-03,
        -1.1344e-03,  1.3807e-03,  1.0534e-03, -4.9956e-04,  0.0000e+00,
        -7.8288e-04,  1.1187e-03,  2.4413e-03,  0.0000e+00,  4.4776e-04,
         0.0000e+00, -7.3182e-04,  0.0000e+00,  0.0000e+00,  0.0000e+00,
         0.0000e+00,  0.0000e+00, -1.8826e-03,  1.5435e-04,  0.0000e+00,
         0.0000e+00,  0.0000e+00, -1.0396e-03,  0.0000e+00,  0.0000e+00,
         0.0000e+00, -1.6851e-04,  1.1495e-03,  0.0000e+00,  0.0000e+00,
         6.5164e-05, -4.2538e-04, -1.1532e-03, -3.1698e-04,  1.7591e-03,
        -1.5041e-03,  0.0000e+00,  6.5289e-04, -3.0904e-03,  0.0000e+00,
         0.0000e+00,  8.4273e-05,  2.4152e-03, -7.5168e-04,  2.1711e-03,
         0.0000e+00, -1.4336e-03,  8.0120e-04,  0.0000e+00,  2.6258e-05,
        -1.3483e-03, -1.9170e-03,  0.0000e+00,  0.0000e+00], device='cuda:0')
tensor([[ 3.9442e-05,  1.1061e-04,  0.0000e+00,  ...,  6.3035e-05,
          0.0000e+00,  0.0000e+00],
        [ 1.3562e-04,  3.6385e-04,  0.0000e+00,  ...,  2.1699e-04,
          0.0000e+00,  0.0000e+00],
        [ 5.2773e-05,  1.4873e-04,  0.0000e+00,  ...,  8.7142e-05,
          0.0000e+00,  0.0000e+00],
        ...,
        [ 0.0000e+00,  0.0000e+00,  0.0000e+00,  ...,  0.0000e+00,
          0.0000e+00,  0.0000e+00],
        [-7.8811e-05, -2.0956e-04,  0.0000e+00,  ..., -1.2546e-04,
          0.0000e+00,  0.0000e+00],
        [ 0.0000e+00,  0.0000e+00,  0.0000e+00,  ...,  0.0000e+00,
          0.0000e+00,  0.0000e+00]], device='cuda:0')
tensor([ 0.0014,  0.0046,  0.0018,  0.0012,  0.0000,  0.0020,  0.0062,  0.0000,
        -0.0011, -0.0037, -0.0003,  0.0000,  0.0000,  0.0000,  0.0040,  0.0078,
        -0.0016,  0.0007, -0.0047,  0.0072,  0.0000,  0.0028, -0.0029,  0.0042,
        -0.0051,  0.0000,  0.0000,  0.0000, -0.0013, -0.0019,  0.0004, -0.0002,
         0.0000,  0.0000,  0.0000,  0.0000, -0.0017,  0.0021, -0.0017,  0.0079,
         0.0000,  0.0051,  0.0000,  0.0000,  0.0000,  0.0000,  0.0000, -0.0046,
         0.0014,  0.0000,  0.0000,  0.0072,  0.0000,  0.0028, -0.0007,  0.0003,
         0.0100, -0.0069,  0.0000,  0.0000,  0.0000,  0.0000, -0.0027,  0.0000],
       device='cuda:0')
tensor([[-1.4175e-03, -3.3488e-03, -2.3759e-03, -4.1232e-04,  0.0000e+00,
         -1.3096e-04, -4.2139e-03,  0.0000e+00, -1.0311e-03, -8.6502e-04,
         -3.3487e-03,  0.0000e+00,  0.0000e+00,  0.0000e+00, -1.3048e-03,
         -8.5273e-04, -3.0095e-03, -1.0038e-03, -4.8948e-04, -3.6093e-03,
          0.0000e+00, -1.9735e-03, -8.3810e-04, -6.7248e-04, -3.2479e-03,
          0.0000e+00,  0.0000e+00,  0.0000e+00, -3.1948e-03, -4.3911e-03,
         -6.4667e-06, -2.6809e-03,  0.0000e+00,  0.0000e+00,  0.0000e+00,
          0.0000e+00, -3.7050e-03, -1.7906e-03, -3.8279e-03, -1.2702e-03,
          0.0000e+00, -1.5340e-03,  0.0000e+00,  0.0000e+00,  0.0000e+00,
          0.0000e+00,  0.0000e+00, -1.1641e-03, -1.0015e-03,  0.0000e+00,
          0.0000e+00, -1.3490e-03,  0.0000e+00, -1.0458e-04, -2.0224e-03,
         -2.7041e-03, -2.1518e-03, -2.2173e-03,  0.0000e+00,  0.0000e+00,
          0.0000e+00,  0.0000e+00, -7.1617e-04,  0.0000e+00],
        [-2.0473e-03, -4.7256e-03, -3.3477e-03, -5.8265e-04,  0.0000e+00,
         -1.8208e-04, -5.9289e-03,  0.0000e+00, -1.4742e-03, -1.2269e-03,
         -4.7309e-03,  0.0000e+00,  0.0000e+00,  0.0000e+00, -1.8491e-03,
         -1.2015e-03, -4.2347e-03, -1.4242e-03, -6.9792e-04, -5.0817e-03,
          0.0000e+00, -2.7615e-03, -1.1764e-03, -9.4644e-04, -4.5693e-03,
          0.0000e+00,  0.0000e+00,  0.0000e+00, -4.5147e-03, -6.2282e-03,
         -2.5932e-05, -3.7867e-03,  0.0000e+00,  0.0000e+00,  0.0000e+00,
          0.0000e+00, -5.2497e-03, -2.4998e-03, -5.4052e-03, -1.8152e-03,
          0.0000e+00, -2.1499e-03,  0.0000e+00,  0.0000e+00,  0.0000e+00,
          0.0000e+00,  0.0000e+00, -1.7067e-03, -1.4184e-03,  0.0000e+00,
          0.0000e+00, -1.8617e-03,  0.0000e+00, -1.3175e-04, -2.8705e-03,
         -3.7901e-03, -3.0414e-03, -3.1284e-03,  0.0000e+00,  0.0000e+00,
          0.0000e+00,  0.0000e+00, -1.0282e-03,  0.0000e+00],
        [ 5.0237e-04,  1.2065e-03,  8.6591e-04,  1.6517e-04,  0.0000e+00,
          3.6700e-05,  1.5359e-03,  0.0000e+00,  3.7096e-04,  3.0741e-04,
          1.2162e-03,  0.0000e+00,  0.0000e+00,  0.0000e+00,  4.7025e-04,
          2.9796e-04,  1.0988e-03,  3.5149e-04,  1.8350e-04,  1.3081e-03,
          0.0000e+00,  7.0831e-04,  3.2762e-04,  2.5351e-04,  1.1798e-03,
          0.0000e+00,  0.0000e+00,  0.0000e+00,  1.1450e-03,  1.5852e-03,
          7.0564e-06,  9.6893e-04,  0.0000e+00,  0.0000e+00,  0.0000e+00,
          0.0000e+00,  1.3254e-03,  6.3440e-04,  1.3731e-03,  4.4106e-04,
          0.0000e+00,  5.6801e-04,  0.0000e+00,  0.0000e+00,  0.0000e+00,
          0.0000e+00,  0.0000e+00,  4.0963e-04,  3.5356e-04,  0.0000e+00,
          0.0000e+00,  4.9099e-04,  0.0000e+00,  3.5314e-05,  7.3830e-04,
          9.7748e-04,  7.8143e-04,  8.0565e-04,  0.0000e+00,  0.0000e+00,
          0.0000e+00,  0.0000e+00,  2.4393e-04,  0.0000e+00],
        [ 9.5374e-04,  2.2122e-03,  1.5636e-03,  2.6656e-04,  0.0000e+00,
          8.9397e-05,  2.7710e-03,  0.0000e+00,  6.8753e-04,  5.7534e-04,
          2.2099e-03,  0.0000e+00,  0.0000e+00,  0.0000e+00,  8.6397e-04,
          5.6642e-04,  1.9787e-03,  6.6926e-04,  3.2308e-04,  2.3774e-03,
          0.0000e+00,  1.2973e-03,  5.4125e-04,  4.3921e-04,  2.1372e-03,
          0.0000e+00,  0.0000e+00,  0.0000e+00,  2.1146e-03,  2.9092e-03,
          7.4039e-06,  1.7712e-03,  0.0000e+00,  0.0000e+00,  0.0000e+00,
          0.0000e+00,  2.4577e-03,  1.1790e-03,  2.5322e-03,  8.5266e-04,
          0.0000e+00,  1.0029e-03,  0.0000e+00,  0.0000e+00,  0.0000e+00,
          0.0000e+00,  0.0000e+00,  7.9292e-04,  6.6568e-04,  0.0000e+00,
          0.0000e+00,  8.7596e-04,  0.0000e+00,  6.5514e-05,  1.3373e-03,
          1.7774e-03,  1.4209e-03,  1.4621e-03,  0.0000e+00,  0.0000e+00,
          0.0000e+00,  0.0000e+00,  4.8429e-04,  0.0000e+00],
        [ 7.5543e-04,  1.7520e-03,  1.2383e-03,  2.1130e-04,  0.0000e+00,
          7.0211e-05,  2.1969e-03,  0.0000e+00,  5.4395e-04,  4.5556e-04,
          1.7509e-03,  0.0000e+00,  0.0000e+00,  0.0000e+00,  6.8401e-04,
          4.4799e-04,  1.5675e-03,  5.2916e-04,  2.5644e-04,  1.8837e-03,
          0.0000e+00,  1.0275e-03,  4.3017e-04,  3.4777e-04,  1.6931e-03,
          0.0000e+00,  0.0000e+00,  0.0000e+00,  1.6747e-03,  2.3042e-03,
          5.9693e-06,  1.4035e-03,  0.0000e+00,  0.0000e+00,  0.0000e+00,
          0.0000e+00,  1.9470e-03,  9.3288e-04,  2.0058e-03,  6.7444e-04,
          0.0000e+00,  7.9592e-04,  0.0000e+00,  0.0000e+00,  0.0000e+00,
          0.0000e+00,  0.0000e+00,  6.2675e-04,  5.2709e-04,  0.0000e+00,
          0.0000e+00,  6.9463e-04,  0.0000e+00,  5.1594e-05,  1.0596e-03,
          1.4082e-03,  1.1255e-03,  1.1580e-03,  0.0000e+00,  0.0000e+00,
          0.0000e+00,  0.0000e+00,  3.8302e-04,  0.0000e+00],
        [ 6.4812e-04,  1.5150e-03,  1.0751e-03,  1.8812e-04,  0.0000e+00,
          5.7625e-05,  1.9063e-03,  0.0000e+00,  4.6906e-04,  3.9217e-04,
          1.5173e-03,  0.0000e+00,  0.0000e+00,  0.0000e+00,  5.9159e-04,
          3.8392e-04,  1.3613e-03,  4.5391e-04,  2.2357e-04,  1.6320e-03,
          0.0000e+00,  8.8855e-04,  3.8161e-04,  3.0486e-04,  1.4684e-03,
          0.0000e+00,  0.0000e+00,  0.0000e+00,  1.4457e-03,  1.9921e-03,
          6.2571e-06,  1.2144e-03,  0.0000e+00,  0.0000e+00,  0.0000e+00,
          0.0000e+00,  1.6786e-03,  8.0413e-04,  1.7316e-03,  5.7677e-04,
          0.0000e+00,  6.9386e-04,  0.0000e+00,  0.0000e+00,  0.0000e+00,
          0.0000e+00,  0.0000e+00,  5.3550e-04,  4.5369e-04,  0.0000e+00,
          0.0000e+00,  6.0458e-04,  0.0000e+00,  4.4569e-05,  9.1914e-04,
          1.2198e-03,  9.7478e-04,  1.0038e-03,  0.0000e+00,  0.0000e+00,
          0.0000e+00,  0.0000e+00,  3.2553e-04,  0.0000e+00],
        [ 6.0509e-04,  1.3887e-03,  9.8067e-04,  1.6383e-04,  0.0000e+00,
          5.9110e-05,  1.7327e-03,  0.0000e+00,  4.3381e-04,  3.6142e-04,
          1.3853e-03,  0.0000e+00,  0.0000e+00,  0.0000e+00,  5.4407e-04,
          3.5797e-04,  1.2380e-03,  4.2427e-04,  2.0081e-04,  1.4898e-03,
          0.0000e+00,  8.1332e-04,  3.3382e-04,  2.7357e-04,  1.3388e-03,
          0.0000e+00,  0.0000e+00,  0.0000e+00,  1.3296e-03,  1.8285e-03,
          5.7117e-06,  1.1095e-03,  0.0000e+00,  0.0000e+00,  0.0000e+00,
          0.0000e+00,  1.5460e-03,  7.3999e-04,  1.5906e-03,  5.4051e-04,
          0.0000e+00,  6.2319e-04,  0.0000e+00,  0.0000e+00,  0.0000e+00,
          0.0000e+00,  0.0000e+00,  5.0605e-04,  4.1985e-04,  0.0000e+00,
          0.0000e+00,  5.4453e-04,  0.0000e+00,  3.9331e-05,  8.3851e-04,
          1.1113e-03,  8.9057e-04,  9.1622e-04,  0.0000e+00,  0.0000e+00,
          0.0000e+00,  0.0000e+00,  3.0758e-04,  0.0000e+00]], device='cuda:0')
tensor([-0.0328, -0.0463,  0.0118,  0.0217,  0.0172,  0.0148,  0.0136],
       device='cuda:0')
tensor([[ 1.4308e-09, -2.1357e-09, -9.4368e-10,  ..., -1.0841e-09,
          1.4428e-09,  7.8797e-10],
        [ 1.1485e-12, -1.3730e-12, -9.8454e-13,  ..., -9.6212e-13,
          1.3650e-12,  8.0694e-13],
        [ 0.0000e+00,  0.0000e+00,  0.0000e+00,  ...,  0.0000e+00,
          0.0000e+00,  0.0000e+00],
        ...,
        [ 0.0000e+00,  0.0000e+00,  0.0000e+00,  ...,  0.0000e+00,
          0.0000e+00,  0.0000e+00],
        [ 3.5833e-10, -4.5106e-10, -2.3680e-10,  ..., -2.7641e-10,
          3.7323e-10,  1.9352e-10],
        [ 3.7027e-10, -5.4458e-10, -2.4675e-10,  ..., -2.8095e-10,
          3.7714e-10,  2.0599e-10]], device='cuda:0')
tensor([ 4.5196e-09,  3.6753e-12,  0.0000e+00,  7.6038e-09, -1.2329e-11,
         7.1699e-09, -5.4205e-10,  0.0000e+00, -1.3950e-09,  0.0000e+00,
         0.0000e+00,  2.1752e-09,  0.0000e+00, -6.4984e-15,  0.0000e+00,
         0.0000e+00,  4.6895e-09, -1.6731e-20,  9.5786e-09,  7.8716e-09,
         1.0483e-09,  3.1423e-10,  0.0000e+00,  2.6505e-12,  2.3834e-09,
         0.0000e+00, -5.5311e-10,  1.1033e-10,  0.0000e+00,  0.0000e+00,
         2.4680e-09,  1.5729e-10,  0.0000e+00,  0.0000e+00,  1.8214e-11,
         3.0737e-09,  4.0649e-10,  1.6649e-10,  0.0000e+00,  3.2747e-10,
         2.6802e-09,  0.0000e+00,  0.0000e+00,  0.0000e+00,  7.8944e-17,
         3.5781e-17,  0.0000e+00,  0.0000e+00,  1.8017e-09, -2.2408e-10,
         6.8450e-09,  1.0943e-08, -2.3684e-10,  0.0000e+00,  0.0000e+00,
         9.0053e-09,  1.9273e-09, -1.7553e-11,  1.4829e-09,  1.6917e-09,
         2.6206e-09,  0.0000e+00,  1.2448e-09,  1.1533e-09], device='cuda:0')
tensor([[1.3099e-09, 1.0065e-12, 0.0000e+00,  ..., 0.0000e+00, 1.8730e-12,
         3.4270e-11],
        [0.0000e+00, 0.0000e+00, 0.0000e+00,  ..., 0.0000e+00, 0.0000e+00,
         0.0000e+00],
        [1.1620e-08, 9.1763e-12, 0.0000e+00,  ..., 0.0000e+00, 1.6716e-11,
         3.0824e-10],
        ...,
        [6.1779e-09, 4.9230e-12, 0.0000e+00,  ..., 0.0000e+00, 8.8425e-12,
         1.6488e-10],
        [0.0000e+00, 0.0000e+00, 0.0000e+00,  ..., 0.0000e+00, 0.0000e+00,
         0.0000e+00],
        [0.0000e+00, 0.0000e+00, 0.0000e+00,  ..., 0.0000e+00, 0.0000e+00,
         0.0000e+00]], device='cuda:0')
tensor([ 7.8165e-10,  0.0000e+00,  6.9022e-09,  0.0000e+00,  0.0000e+00,
         0.0000e+00,  3.5491e-10,  0.0000e+00,  6.3183e-09,  0.0000e+00,
         6.5890e-10,  0.0000e+00,  7.9133e-10,  0.0000e+00,  6.4851e-09,
         0.0000e+00,  0.0000e+00,  6.9929e-10,  0.0000e+00,  7.1920e-09,
         6.7063e-09, -1.4188e-10,  6.2882e-10,  5.9426e-10,  0.0000e+00,
         0.0000e+00,  0.0000e+00,  7.5561e-09,  0.0000e+00,  0.0000e+00,
         0.0000e+00,  6.3851e-09,  4.8140e-10,  0.0000e+00,  2.3737e-10,
         6.5623e-09,  3.4547e-10,  0.0000e+00, -2.5836e-11,  0.0000e+00,
         1.3991e-10,  0.0000e+00,  0.0000e+00,  1.4583e-10,  0.0000e+00,
         5.2106e-09,  0.0000e+00,  0.0000e+00,  1.9737e-09,  0.0000e+00,
         0.0000e+00,  9.5743e-13,  2.9522e-11,  6.6101e-09,  8.0308e-10,
         0.0000e+00,  3.2857e-09,  0.0000e+00, -4.4097e-10,  0.0000e+00,
         0.0000e+00,  3.6587e-09,  0.0000e+00,  0.0000e+00], device='cuda:0')
tensor([[ 0.0000e+00,  0.0000e+00,  0.0000e+00,  ...,  0.0000e+00,
          0.0000e+00,  0.0000e+00],
        [ 1.0768e-09,  0.0000e+00,  7.5226e-09,  ...,  5.0924e-09,
          0.0000e+00,  0.0000e+00],
        [-1.5105e-11,  0.0000e+00, -1.0510e-10,  ..., -7.1007e-11,
          0.0000e+00,  0.0000e+00],
        ...,
        [ 4.9306e-10,  0.0000e+00,  3.4462e-09,  ...,  2.3334e-09,
          0.0000e+00,  0.0000e+00],
        [ 0.0000e+00,  0.0000e+00,  0.0000e+00,  ...,  0.0000e+00,
          0.0000e+00,  0.0000e+00],
        [ 0.0000e+00,  0.0000e+00,  0.0000e+00,  ...,  0.0000e+00,
          0.0000e+00,  0.0000e+00]], device='cuda:0')
tensor([ 0.0000e+00,  2.2827e-09, -3.0354e-11,  2.0799e-09,  3.1157e-10,
         2.0909e-09,  0.0000e+00, -2.3150e-11,  0.0000e+00,  5.5692e-10,
         3.9766e-11,  5.4854e-11,  0.0000e+00,  1.7391e-09, -2.1657e-11,
         0.0000e+00,  6.6343e-10,  0.0000e+00, -1.2598e-10,  1.9670e-09,
         1.2137e-09,  0.0000e+00,  1.8356e-10,  1.4032e-10,  0.0000e+00,
         0.0000e+00,  0.0000e+00,  2.0025e-09,  0.0000e+00,  1.1457e-10,
         2.0385e-09,  2.1256e-09, -1.6557e-10,  1.2993e-09, -1.0521e-10,
         0.0000e+00,  0.0000e+00,  0.0000e+00,  6.7406e-11,  0.0000e+00,
         1.0633e-09, -4.4674e-12,  0.0000e+00,  1.1298e-10,  0.0000e+00,
         0.0000e+00,  1.3149e-09,  1.5745e-09,  0.0000e+00,  0.0000e+00,
         1.9977e-09,  0.0000e+00,  0.0000e+00, -1.8710e-10,  0.0000e+00,
         0.0000e+00,  7.1246e-11, -1.2628e-10,  0.0000e+00,  0.0000e+00,
         0.0000e+00,  0.0000e+00,  2.0017e-09,  0.0000e+00,  8.7429e-10,
         0.0000e+00,  0.0000e+00, -2.3617e-10,  2.7997e-10,  1.7661e-09,
         0.0000e+00,  1.7393e-10, -2.4348e-10,  2.0403e-09,  0.0000e+00,
         0.0000e+00, -5.9776e-12,  0.0000e+00,  1.9994e-09,  0.0000e+00,
         2.0782e-09,  0.0000e+00,  6.6819e-11,  0.0000e+00,  0.0000e+00,
         3.0463e-10,  0.0000e+00,  4.2058e-11,  0.0000e+00,  0.0000e+00,
         7.7248e-12,  4.1366e-11,  1.7190e-09,  2.0531e-09,  9.1939e-10,
         3.5572e-10,  1.8975e-09,  0.0000e+00,  0.0000e+00,  0.0000e+00,
         7.6301e-10,  0.0000e+00,  1.9283e-09,  0.0000e+00,  1.7986e-09,
         1.6508e-09,  1.7228e-09,  1.9748e-09,  0.0000e+00,  1.8417e-09,
         2.0647e-10,  2.1370e-09,  0.0000e+00,  2.4980e-13,  0.0000e+00,
         0.0000e+00,  2.2450e-10,  2.0305e-09,  4.9055e-12,  0.0000e+00,
         0.0000e+00,  3.4454e-12,  3.4897e-10,  2.6249e-12,  2.0105e-09,
         1.0513e-09,  0.0000e+00,  0.0000e+00], device='cuda:0')
tensor([[ 0.0000e+00,  8.1918e-11,  4.5866e-12,  ...,  7.3751e-11,
          0.0000e+00,  0.0000e+00],
        [ 0.0000e+00,  0.0000e+00,  0.0000e+00,  ...,  0.0000e+00,
          0.0000e+00,  0.0000e+00],
        [ 0.0000e+00, -3.1977e-10, -1.7034e-11,  ..., -2.8845e-10,
          0.0000e+00,  0.0000e+00],
        ...,
        [ 0.0000e+00,  3.6720e-10,  1.8204e-11,  ...,  3.3211e-10,
          0.0000e+00,  0.0000e+00],
        [ 0.0000e+00,  1.0528e-09,  5.3205e-11,  ...,  9.5150e-10,
          0.0000e+00,  0.0000e+00],
        [ 0.0000e+00,  2.1936e-09,  1.1120e-10,  ...,  1.9824e-09,
          0.0000e+00,  0.0000e+00]], device='cuda:0')
tensor([ 3.0580e-11,  0.0000e+00, -1.0320e-10,  5.4409e-10,  0.0000e+00,
        -1.4528e-12, -1.6457e-11, -2.6201e-11,  0.0000e+00,  3.4164e-10,
         6.3396e-10,  0.0000e+00,  3.3981e-10,  0.0000e+00,  3.8842e-10,
         0.0000e+00,  0.0000e+00,  0.0000e+00,  0.0000e+00,  6.3094e-10,
         0.0000e+00,  6.3420e-10,  0.0000e+00,  4.6885e-10,  6.9531e-10,
        -2.6824e-10,  0.0000e+00,  3.8875e-10,  4.6244e-10,  5.6899e-10,
         3.1690e-10,  0.0000e+00,  7.8892e-11, -1.5803e-10, -7.2268e-12,
         0.0000e+00,  0.0000e+00,  1.5385e-11,  0.0000e+00,  3.4231e-10,
         4.8435e-10,  0.0000e+00,  4.3734e-10,  4.6121e-10,  0.0000e+00,
         1.7540e-10,  3.9734e-10,  0.0000e+00,  0.0000e+00,  2.4212e-11,
        -1.6242e-10, -9.3364e-11,  3.1920e-10,  1.8213e-10,  5.5622e-10,
         4.8181e-10,  0.0000e+00,  0.0000e+00,  4.5782e-10,  1.0100e-10,
         0.0000e+00,  4.5084e-10,  7.3211e-10,  0.0000e+00,  0.0000e+00,
         1.2293e-10,  1.0055e-10,  0.0000e+00,  1.0892e-10,  5.0166e-12,
         0.0000e+00,  3.1423e-10,  6.1360e-10,  0.0000e+00,  4.7754e-10,
        -8.0560e-11,  2.2103e-10,  5.6265e-11,  0.0000e+00,  0.0000e+00,
         0.0000e+00,  0.0000e+00,  0.0000e+00,  0.0000e+00,  0.0000e+00,
        -6.1444e-12,  0.0000e+00,  1.3512e-10,  3.1112e-12,  7.5067e-12,
         0.0000e+00,  0.0000e+00,  0.0000e+00,  1.8633e-10,  0.0000e+00,
         0.0000e+00,  1.5346e-10,  5.0116e-10, -1.3662e-10,  1.6819e-10,
        -5.9284e-11,  2.2969e-10,  4.1489e-10,  5.0349e-10,  5.8863e-10,
         5.8094e-10,  3.9293e-10,  0.0000e+00,  7.7219e-11,  1.0051e-12,
         0.0000e+00,  0.0000e+00,  4.1542e-11,  2.9302e-10,  0.0000e+00,
         4.9856e-10,  0.0000e+00,  3.4951e-10,  5.2944e-10,  0.0000e+00,
         0.0000e+00,  0.0000e+00,  0.0000e+00,  4.1077e-10,  0.0000e+00,
         9.3274e-11,  2.8627e-10,  6.0289e-10], device='cuda:0')
tensor([[2.7629e-10, 0.0000e+00, 5.9297e-11,  ..., 2.1616e-10, 2.1219e-09,
         3.6085e-09],
        [0.0000e+00, 0.0000e+00, 0.0000e+00,  ..., 0.0000e+00, 0.0000e+00,
         0.0000e+00],
        [0.0000e+00, 0.0000e+00, 0.0000e+00,  ..., 0.0000e+00, 0.0000e+00,
         0.0000e+00],
        ...,
        [6.2889e-11, 0.0000e+00, 1.3121e-11,  ..., 4.9356e-11, 4.9634e-10,
         8.4638e-10],
        [5.4967e-12, 0.0000e+00, 1.1928e-12,  ..., 4.2956e-12, 4.1718e-11,
         7.0860e-11],
        [4.6760e-12, 0.0000e+00, 1.0296e-12,  ..., 3.6476e-12, 3.4984e-11,
         5.9333e-11]], device='cuda:0')
tensor([ 4.2883e-10,  0.0000e+00,  0.0000e+00, -7.7320e-11,  2.3805e-10,
         2.1030e-10,  0.0000e+00,  0.0000e+00,  1.1332e-10,  7.8600e-10,
         3.5745e-10,  0.0000e+00,  0.0000e+00,  6.6542e-10,  0.0000e+00,
         1.4016e-10,  0.0000e+00,  0.0000e+00,  3.6045e-10,  0.0000e+00,
         0.0000e+00,  1.6045e-10,  4.9997e-10,  6.8441e-11,  6.8634e-12,
         1.5298e-10,  0.0000e+00,  3.9073e-10,  0.0000e+00,  0.0000e+00,
        -9.9979e-12,  2.8775e-11, -4.3375e-10,  2.5360e-10,  4.5758e-10,
         0.0000e+00, -1.8056e-10,  0.0000e+00,  0.0000e+00,  0.0000e+00,
         0.0000e+00,  3.1348e-10,  5.1503e-10,  5.3610e-10,  0.0000e+00,
         3.1293e-10,  0.0000e+00,  0.0000e+00, -1.6730e-10, -2.9096e-10,
         0.0000e+00,  0.0000e+00,  0.0000e+00,  4.1777e-10,  0.0000e+00,
         7.0384e-11,  2.7490e-10,  0.0000e+00,  0.0000e+00,  0.0000e+00,
        -7.2727e-11,  7.8668e-11,  9.2421e-12,  8.5731e-12], device='cuda:0')
tensor([[ 0.0000e+00,  0.0000e+00,  0.0000e+00,  ...,  0.0000e+00,
          0.0000e+00,  0.0000e+00],
        [ 0.0000e+00,  0.0000e+00,  0.0000e+00,  ...,  0.0000e+00,
          0.0000e+00,  0.0000e+00],
        [ 0.0000e+00,  0.0000e+00,  0.0000e+00,  ...,  0.0000e+00,
          0.0000e+00,  0.0000e+00],
        ...,
        [ 3.4658e-09,  0.0000e+00,  0.0000e+00,  ...,  3.6359e-09,
          1.5849e-12,  2.1593e-11],
        [ 3.8637e-08,  0.0000e+00,  0.0000e+00,  ...,  4.0534e-08,
          1.6527e-11,  2.4248e-10],
        [-1.7571e-09,  0.0000e+00,  0.0000e+00,  ..., -1.8428e-09,
         -1.2954e-12, -1.0188e-11]], device='cuda:0')
tensor([ 0.0000e+00,  0.0000e+00,  0.0000e+00,  0.0000e+00,  0.0000e+00,
         0.0000e+00,  0.0000e+00,  3.9367e-10,  2.6900e-10,  1.2335e-10,
         3.7441e-10,  0.0000e+00,  1.2101e-09,  0.0000e+00,  0.0000e+00,
         0.0000e+00, -3.7715e-10,  0.0000e+00, -7.6593e-10,  0.0000e+00,
         6.7501e-11,  0.0000e+00,  8.5136e-10,  0.0000e+00, -1.0699e-09,
         0.0000e+00,  0.0000e+00,  0.0000e+00, -1.6789e-09,  4.5443e-11,
         0.0000e+00,  1.8099e-09,  0.0000e+00,  0.0000e+00,  0.0000e+00,
         0.0000e+00, -1.1404e-09,  0.0000e+00,  4.2876e-10,  0.0000e+00,
         5.1460e-10,  0.0000e+00,  0.0000e+00, -6.0746e-10, -2.0867e-10,
         0.0000e+00, -9.8528e-10,  1.7244e-10,  0.0000e+00,  0.0000e+00,
        -1.9120e-10,  0.0000e+00,  8.6350e-10,  0.0000e+00,  1.5508e-09,
         0.0000e+00,  0.0000e+00,  9.2676e-10,  9.1081e-10,  5.0157e-10,
        -6.5220e-10,  9.8442e-11,  1.0736e-09, -6.0159e-11], device='cuda:0')
tensor([[ 0.0000e+00,  0.0000e+00,  0.0000e+00,  0.0000e+00,  0.0000e+00,
          0.0000e+00,  0.0000e+00, -5.7750e-08, -6.2324e-07, -3.8837e-07,
         -4.6732e-07,  0.0000e+00, -2.6201e-09,  0.0000e+00,  0.0000e+00,
          0.0000e+00, -5.7822e-07,  0.0000e+00, -4.5509e-07,  0.0000e+00,
         -3.5210e-08,  0.0000e+00, -3.2744e-07,  0.0000e+00, -4.9452e-07,
          0.0000e+00,  0.0000e+00,  0.0000e+00, -4.2080e-07, -5.7373e-07,
          0.0000e+00, -4.3769e-07,  0.0000e+00,  0.0000e+00,  0.0000e+00,
          0.0000e+00, -5.9456e-07,  0.0000e+00, -4.1487e-07,  0.0000e+00,
         -2.3099e-08,  0.0000e+00,  0.0000e+00, -4.6219e-08, -2.3283e-08,
          0.0000e+00, -4.3909e-09, -7.7577e-07,  0.0000e+00,  0.0000e+00,
         -5.9331e-08,  0.0000e+00, -4.9503e-08,  0.0000e+00, -4.3515e-07,
          0.0000e+00,  0.0000e+00, -5.8891e-07, -1.4485e-08, -1.2809e-07,
         -2.1776e-08, -1.6628e-08, -6.0847e-07, -2.4623e-08],
        [ 0.0000e+00,  0.0000e+00,  0.0000e+00,  0.0000e+00,  0.0000e+00,
          0.0000e+00,  0.0000e+00,  6.0827e-08,  6.5648e-07,  4.0907e-07,
          4.9223e-07,  0.0000e+00,  2.7439e-09,  0.0000e+00,  0.0000e+00,
          0.0000e+00,  6.0905e-07,  0.0000e+00,  4.7935e-07,  0.0000e+00,
          3.7076e-08,  0.0000e+00,  3.4490e-07,  0.0000e+00,  5.2088e-07,
          0.0000e+00,  0.0000e+00,  0.0000e+00,  4.4323e-07,  6.0431e-07,
          0.0000e+00,  4.6102e-07,  0.0000e+00,  0.0000e+00,  0.0000e+00,
          0.0000e+00,  6.2626e-07,  0.0000e+00,  4.3697e-07,  0.0000e+00,
          2.4325e-08,  0.0000e+00,  0.0000e+00,  4.8700e-08,  2.4525e-08,
          0.0000e+00,  4.6192e-09,  8.1715e-07,  0.0000e+00,  0.0000e+00,
          6.2500e-08,  0.0000e+00,  5.2134e-08,  0.0000e+00,  4.5834e-07,
          0.0000e+00,  0.0000e+00,  6.2031e-07,  1.5244e-08,  1.3492e-07,
          2.2933e-08,  1.7510e-08,  6.4092e-07,  2.5936e-08],
        [ 0.0000e+00,  0.0000e+00,  0.0000e+00,  0.0000e+00,  0.0000e+00,
          0.0000e+00,  0.0000e+00,  0.0000e+00,  0.0000e+00,  0.0000e+00,
          0.0000e+00,  0.0000e+00,  0.0000e+00,  0.0000e+00,  0.0000e+00,
          0.0000e+00,  0.0000e+00,  0.0000e+00,  0.0000e+00,  0.0000e+00,
          0.0000e+00,  0.0000e+00,  0.0000e+00,  0.0000e+00,  0.0000e+00,
          0.0000e+00,  0.0000e+00,  0.0000e+00,  0.0000e+00,  0.0000e+00,
          0.0000e+00,  0.0000e+00,  0.0000e+00,  0.0000e+00,  0.0000e+00,
          0.0000e+00,  0.0000e+00,  0.0000e+00,  0.0000e+00,  0.0000e+00,
          0.0000e+00,  0.0000e+00,  0.0000e+00,  0.0000e+00,  0.0000e+00,
          0.0000e+00,  0.0000e+00,  0.0000e+00,  0.0000e+00,  0.0000e+00,
          0.0000e+00,  0.0000e+00,  0.0000e+00,  0.0000e+00,  0.0000e+00,
          0.0000e+00,  0.0000e+00,  0.0000e+00,  0.0000e+00,  0.0000e+00,
          0.0000e+00,  0.0000e+00,  0.0000e+00,  0.0000e+00],
        [ 0.0000e+00,  0.0000e+00,  0.0000e+00,  0.0000e+00,  0.0000e+00,
          0.0000e+00,  0.0000e+00,  0.0000e+00,  0.0000e+00,  0.0000e+00,
          0.0000e+00,  0.0000e+00,  0.0000e+00,  0.0000e+00,  0.0000e+00,
          0.0000e+00,  0.0000e+00,  0.0000e+00,  0.0000e+00,  0.0000e+00,
          0.0000e+00,  0.0000e+00,  0.0000e+00,  0.0000e+00,  0.0000e+00,
          0.0000e+00,  0.0000e+00,  0.0000e+00,  0.0000e+00,  0.0000e+00,
          0.0000e+00,  0.0000e+00,  0.0000e+00,  0.0000e+00,  0.0000e+00,
          0.0000e+00,  0.0000e+00,  0.0000e+00,  0.0000e+00,  0.0000e+00,
          0.0000e+00,  0.0000e+00,  0.0000e+00,  0.0000e+00,  0.0000e+00,
          0.0000e+00,  0.0000e+00,  0.0000e+00,  0.0000e+00,  0.0000e+00,
          0.0000e+00,  0.0000e+00,  0.0000e+00,  0.0000e+00,  0.0000e+00,
          0.0000e+00,  0.0000e+00,  0.0000e+00,  0.0000e+00,  0.0000e+00,
          0.0000e+00,  0.0000e+00,  0.0000e+00,  0.0000e+00],
        [ 0.0000e+00,  0.0000e+00,  0.0000e+00,  0.0000e+00,  0.0000e+00,
          0.0000e+00,  0.0000e+00,  0.0000e+00,  0.0000e+00,  0.0000e+00,
          0.0000e+00,  0.0000e+00,  0.0000e+00,  0.0000e+00,  0.0000e+00,
          0.0000e+00,  0.0000e+00,  0.0000e+00,  0.0000e+00,  0.0000e+00,
          0.0000e+00,  0.0000e+00,  0.0000e+00,  0.0000e+00,  0.0000e+00,
          0.0000e+00,  0.0000e+00,  0.0000e+00,  0.0000e+00,  0.0000e+00,
          0.0000e+00,  0.0000e+00,  0.0000e+00,  0.0000e+00,  0.0000e+00,
          0.0000e+00,  0.0000e+00,  0.0000e+00,  0.0000e+00,  0.0000e+00,
          0.0000e+00,  0.0000e+00,  0.0000e+00,  0.0000e+00,  0.0000e+00,
          0.0000e+00,  0.0000e+00,  0.0000e+00,  0.0000e+00,  0.0000e+00,
          0.0000e+00,  0.0000e+00,  0.0000e+00,  0.0000e+00,  0.0000e+00,
          0.0000e+00,  0.0000e+00,  0.0000e+00,  0.0000e+00,  0.0000e+00,
          0.0000e+00,  0.0000e+00,  0.0000e+00,  0.0000e+00],
        [ 0.0000e+00,  0.0000e+00,  0.0000e+00,  0.0000e+00,  0.0000e+00,
          0.0000e+00,  0.0000e+00,  0.0000e+00,  0.0000e+00,  0.0000e+00,
          0.0000e+00,  0.0000e+00,  0.0000e+00,  0.0000e+00,  0.0000e+00,
          0.0000e+00,  0.0000e+00,  0.0000e+00,  0.0000e+00,  0.0000e+00,
          0.0000e+00,  0.0000e+00,  0.0000e+00,  0.0000e+00,  0.0000e+00,
          0.0000e+00,  0.0000e+00,  0.0000e+00,  0.0000e+00,  0.0000e+00,
          0.0000e+00,  0.0000e+00,  0.0000e+00,  0.0000e+00,  0.0000e+00,
          0.0000e+00,  0.0000e+00,  0.0000e+00,  0.0000e+00,  0.0000e+00,
          0.0000e+00,  0.0000e+00,  0.0000e+00,  0.0000e+00,  0.0000e+00,
          0.0000e+00,  0.0000e+00,  0.0000e+00,  0.0000e+00,  0.0000e+00,
          0.0000e+00,  0.0000e+00,  0.0000e+00,  0.0000e+00,  0.0000e+00,
          0.0000e+00,  0.0000e+00,  0.0000e+00,  0.0000e+00,  0.0000e+00,
          0.0000e+00,  0.0000e+00,  0.0000e+00,  0.0000e+00],
        [ 0.0000e+00,  0.0000e+00,  0.0000e+00,  0.0000e+00,  0.0000e+00,
          0.0000e+00,  0.0000e+00,  0.0000e+00,  0.0000e+00,  0.0000e+00,
          0.0000e+00,  0.0000e+00,  0.0000e+00,  0.0000e+00,  0.0000e+00,
          0.0000e+00,  0.0000e+00,  0.0000e+00,  0.0000e+00,  0.0000e+00,
          0.0000e+00,  0.0000e+00,  0.0000e+00,  0.0000e+00,  0.0000e+00,
          0.0000e+00,  0.0000e+00,  0.0000e+00,  0.0000e+00,  0.0000e+00,
          0.0000e+00,  0.0000e+00,  0.0000e+00,  0.0000e+00,  0.0000e+00,
          0.0000e+00,  0.0000e+00,  0.0000e+00,  0.0000e+00,  0.0000e+00,
          0.0000e+00,  0.0000e+00,  0.0000e+00,  0.0000e+00,  0.0000e+00,
          0.0000e+00,  0.0000e+00,  0.0000e+00,  0.0000e+00,  0.0000e+00,
          0.0000e+00,  0.0000e+00,  0.0000e+00,  0.0000e+00,  0.0000e+00,
          0.0000e+00,  0.0000e+00,  0.0000e+00,  0.0000e+00,  0.0000e+00,
          0.0000e+00,  0.0000e+00,  0.0000e+00,  0.0000e+00]], device='cuda:0')
tensor([-8.9611e-09,  9.2812e-09,  0.0000e+00,  0.0000e+00,  0.0000e+00,
         0.0000e+00,  0.0000e+00], device='cuda:0')
tensor([[-1.1570e-11,  4.5855e-11,  9.9583e-12,  ...,  7.7671e-12,
         -8.2058e-12, -8.4277e-12],
        [ 4.1753e-13, -1.9379e-12, -3.8115e-13,  ..., -2.6933e-13,
          2.6163e-13,  3.2335e-13],
        [ 0.0000e+00,  0.0000e+00,  0.0000e+00,  ...,  0.0000e+00,
          0.0000e+00,  0.0000e+00],
        ...,
        [ 0.0000e+00,  0.0000e+00,  0.0000e+00,  ...,  0.0000e+00,
          0.0000e+00,  0.0000e+00],
        [ 2.8458e-16, -8.0590e-16, -2.0683e-16,  ..., -1.8795e-16,
          2.3492e-16,  1.9625e-16],
        [-2.0793e-12,  8.3105e-12,  1.7950e-12,  ...,  1.3931e-12,
         -1.4662e-12, -1.5193e-12]], device='cuda:0')
tensor([-8.7468e-12,  2.9572e-14,  0.0000e+00, -1.3839e-11, -2.8616e-13,
        -9.5445e-12, -2.2357e-13,  0.0000e+00, -1.2577e-12,  0.0000e+00,
         0.0000e+00, -3.4290e-12, -7.4844e-13, -1.4390e-12,  0.0000e+00,
         0.0000e+00, -6.9730e-12,  2.1699e-12, -1.5701e-11, -1.2096e-11,
        -2.0829e-12,  1.0166e-12,  0.0000e+00,  6.9522e-13, -3.5349e-12,
         0.0000e+00,  1.3011e-12,  1.0131e-12,  0.0000e+00,  0.0000e+00,
        -1.5616e-12, -1.3401e-12,  0.0000e+00,  0.0000e+00,  3.6968e-13,
        -3.0918e-12, -1.1743e-13, -7.1881e-13,  0.0000e+00,  0.0000e+00,
        -2.1406e-12,  0.0000e+00,  0.0000e+00,  0.0000e+00,  8.8024e-13,
         1.7190e-14,  4.4903e-29,  0.0000e+00, -7.3092e-13,  9.7445e-13,
        -1.0076e-11, -1.7213e-11, -2.5957e-13,  0.0000e+00, -1.4092e-18,
        -1.4786e-11, -1.7966e-12,  9.1932e-13, -3.1736e-12, -2.9666e-12,
        -8.9039e-13,  0.0000e+00,  5.1171e-16, -1.5012e-12], device='cuda:0')
tensor([[ 9.4259e-13,  6.8695e-14,  0.0000e+00,  ...,  0.0000e+00,
         -1.5138e-19,  2.6443e-14],
        [ 0.0000e+00,  0.0000e+00,  0.0000e+00,  ...,  0.0000e+00,
          0.0000e+00,  0.0000e+00],
        [-7.5040e-11, -5.6136e-12,  0.0000e+00,  ...,  0.0000e+00,
          1.2994e-17, -2.0967e-12],
        ...,
        [-3.1842e-11, -2.3846e-12,  0.0000e+00,  ...,  0.0000e+00,
          5.5206e-18, -8.8953e-13],
        [ 0.0000e+00,  0.0000e+00,  0.0000e+00,  ...,  0.0000e+00,
          0.0000e+00,  0.0000e+00],
        [ 6.1447e-12,  4.5632e-13,  0.0000e+00,  ...,  0.0000e+00,
         -1.0451e-18,  1.7188e-13]], device='cuda:0')
tensor([ 1.4609e-13,  0.0000e+00, -9.9300e-12,  0.0000e+00, -9.0040e-13,
         2.2914e-14, -5.1363e-13, -5.1118e-12, -9.8790e-12, -2.7195e-13,
         3.5112e-13, -3.7382e-13, -7.6772e-13,  0.0000e+00, -9.5367e-12,
         0.0000e+00,  0.0000e+00, -4.2885e-13,  0.0000e+00, -1.0431e-11,
        -9.9777e-12,  6.9554e-13,  0.0000e+00, -5.1452e-13,  0.0000e+00,
         0.0000e+00, -3.1529e-13, -1.0574e-11,  8.3116e-13,  0.0000e+00,
         0.0000e+00, -7.6818e-12,  3.5349e-13,  0.0000e+00,  2.9197e-13,
        -9.5899e-12, -1.8607e-13,  0.0000e+00, -1.7727e-13,  1.7951e-13,
         2.8315e-13,  5.7800e-13,  0.0000e+00,  1.3848e-13,  0.0000e+00,
        -5.5491e-12,  1.2374e-13,  0.0000e+00, -1.5859e-12,  0.0000e+00,
         3.2512e-13, -3.9444e-13, -7.8526e-14, -8.0610e-12, -3.7460e-13,
        -1.5977e-14, -3.5133e-12, -3.4301e-13,  4.8944e-13,  0.0000e+00,
         0.0000e+00, -4.1832e-12,  0.0000e+00,  8.5257e-13], device='cuda:0')
tensor([[ 0.0000e+00,  0.0000e+00,  0.0000e+00,  ...,  0.0000e+00,
          0.0000e+00,  0.0000e+00],
        [-9.3870e-13,  0.0000e+00, -5.1260e-11,  ..., -3.5416e-11,
          0.0000e+00, -2.7254e-12],
        [ 4.3312e-15,  0.0000e+00, -5.3542e-14,  ..., -3.0840e-14,
          0.0000e+00, -1.0427e-14],
        ...,
        [-3.6558e-13,  0.0000e+00, -1.9839e-11,  ..., -1.3710e-11,
          0.0000e+00, -1.0516e-12],
        [-8.6668e-14,  0.0000e+00, -4.9013e-12,  ..., -3.3828e-12,
          0.0000e+00, -2.6500e-13],
